140	3403
140	3854
76	1497
140	3343
140	3886
140	3819
140	3664
140	3718
78	222
114	2422
53	2095
188	849
74	259
140	3883
449	2069
140	3961
78	190
1806	2288
2662	3956
114	2432
1817	3030
1028	2254
530	4008
390	1267
76	1536
39	878
44	1588
1270	1806
59	81
188	637
1053	2009
244	3000
82	2814
172	2523
114	2466
200	2220
140	3847
929	3785
74	432
76	1589
127	574
396	3174
893	2785
140	3752
244	3009
78	445
2013	2271
128	1432
1369	2746
82	2805
366	2119
56	1999
76	1580
56	2012
82	2808
140	3254
1	18
140	3393
2737	2837
53	2113
140	3557
114	2384
114	2423
1	36
82	2884
1139	2875
1	61
71	72
54	104
78	432
76	1694
188	717
56	2037
140	3902
140	3910
140	3780
1768	2254
51	823
140	3879
1007	3655
76	1417
114	2293
1286	1471
82	2837
2429	2737
904	3246
53	2104
284	1182
78	310
76	1440
439	1116
140	4044
1139	3820
56	2034
114	2302
200	2244
200	2174
140	3675
9	2348
200	2172
75	1271
140	4040
2253	3635
56	1955
76	1462
140	3919
54	139
101	2679
140	4037
140	3917
880	2587
188	683
200	2236
200	2205
188	605
2741	4087
1	29
114	2428
2449	3968
929	2375
200	2204
114	2374
78	387
82	2864
60	2348
200	2156
76	1557
1	26
200	2162
1	31
1	37
140	3603
114	2334
82	2867
76	1733
114	2453
82	2871
140	3772
56	1973
1899	2941
423	1062
200	2249
140	3708
82	2896
647	2394
82	2797
200	2199
74	421
200	2233
1819	2118
1	51
172	2556
82	2866
140	4033
76	1386
1806	2837
140	3401
82	2843
1914	3245
82	2868
188	697
140	3602
56	2038
82	2827
922	1747
76	1719
53	2099
140	3493
82	2863
78	311
82	2822
543	2860
140	3416
2086	2087
78	352
53	2108
155	965
1	58
288	2088
200	2151
59	1588
78	256
342	2525
140	3962
885	960
176	1287
274	1531
200	2231
133	2867
543	3700
56	1958
82	755
82	2854
78	351
2379	2737
56	2026
140	3620
200	2153
200	2127
78	460
811	948
391	3234
1605	3311
45	2737
1053	2839
140	3853
56	1956
1	42
78	302
1819	3477
1	52
140	3856
76	1480
2392	2718
123	707
78	325
82	2852
82	2836
140	3612
878	2000
308	3780
54	170
140	3972
3208	3325
114	2434
80	3762
76	1518
78	258
78	247
78	337
1552	3003
342	2531
107	3726
200	2139
78	356
59	878
76	1556
734	2839
128	3669
82	2825
140	3409
76	1400
200	2235
76	1561
113	1546
288	960
82	2838
200	2198
78	201
200	2187
1	8
140	3852
140	3677
775	1943
200	2230
114	2463
1768	2009
200	2197
918	3174
76	1751
279	3960
140	3282
82	2819
244	2999
114	2409
590	2868
82	2899
114	2379
1806	2798
876	2516
114	2345
200	2120
76	1627
114	2347
140	3347
82	2876
200	2164
82	2839
76	1530
140	3837
82	2802
82	2806
140	3509
114	2325
140	3991
200	2241
56	1957
140	3592
114	2346
1821	3603
56	1948
78	332
1768	3368
140	3420
76	1766
82	2891
140	3898
140	3534
54	98
78	390
887	2771
737	2158
423	1067
390	1263
114	2318
82	2526
82	2875
78	216
244	3022
1852	2253
1	60
76	1638
82	2895
128	3330
140	4036
82	2872
140	3589
114	2280
1053	1347
82	2902
140	3627
1	40
389	3027
1	28
286	1414
519	2476
2253	3463
140	3834
114	2400
140	3784
1833	2014
1	14
707	3546
1	43
82	1747
647	2677
387	851
1	57
56	1983
54	130
244	3026
59	2737
200	2232
78	394
1	35
200	2240
76	1671
114	2390
1161	1660
56	1940
56	1968
1139	1273
172	2539
140	3983
140	3504
200	2146
82	2882
140	4005
114	833
78	266
140	3614
46	1700
82	2857
390	1265
1118	1987
200	2173
566	2850
140	3855
82	2795
791	2922
140	3866
114	2327
200	2159
960	1595
140	3801
56	2023
1	23
60	1330
76	1577
82	2830
188	843
1824	2449
114	2311
140	3775
82	2889
1927	1979
390	1256
140	3558
78	210
114	2319
880	1973
775	3452
443	1259
78	431
140	3980
200	2143
1987	2832
44	878
2036	2720
1	69
244	3003
0	1
1802	2088
114	2420
1308	1370
200	2170
458	1194
1083	3634
76	1437
114	2356
172	2525
1	30
1	34
411	851
78	328
82	2904
41	1768
200	2137
140	3805
390	1262
125	966
2111	2855
94	1725
98	390
62	2348
114	2426
82	2901
78	435
114	2399
78	397
78	410
195	3617
1800	2753
76	1418
1	33
82	2820
200	2203
114	2329
140	3545
140	3250
203	893
140	3328
52	1768
114	2391
1028	1617
56	2021
950	3082
56	1959
244	3018
114	2338
82	2870
82	2880
390	1272
184	3870
82	2888
140	3787
423	1201
1	65
140	3353
244	3011
390	1270
244	2995
140	3960
78	366
140	3456
1259	3334
78	411
46	1723
56	1949
82	2826
78	376
56	1995
82	2844
1013	2621
114	2353
82	2881
878	3699
390	1266
1	62
395	1202
1168	2753
3027	3497
78	453
1	63
114	2393
286	3014
1265	1970
82	2804
114	2467
140	3555
76	1750
82	2859
1	68
82	2800
1345	2746
200	2147
82	1273
543	2905
140	3392
76	1540
390	1258
1	41
90	2837
56	2005
1	19
200	2238
1747	1817
1588	2454
114	2455
915	2970
1	17
390	1271
59	1970
880	1943
1139	3960
1	66
140	3891
140	3469
114	2358
82	2809
114	2304
56	1990
56	1963
74	214
122	2069
140	3637
56	2032
82	2897
1	25
114	2421
1806	2730
327	585
1139	1271
140	3301
60	1725
243	3090
140	3429
140	3986
82	2903
140	3615
151	2332
390	1261
200	2130
200	2219
140	3979
46	966
101	1437
114	2389
76	1636
114	2395
402	679
200	2129
76	1609
390	1274
553	1365
1927	2103
76	1444
114	2317
56	2030
56	1994
566	1833
823	2274
200	2180
78	412
78	282
127	2810
15	1806
9	1725
244	3017
82	2848
1817	3015
543	3752
140	3538
114	2339
1552	2864
875	3785
140	4032
878	2063
53	2094
543	1705
140	3562
114	2312
1725	3649
1988	2737
172	2522
51	3844
1819	1995
286	2639
9	390
114	2456
78	304
78	303
188	855
390	1273
1560	3743
82	2879
54	117
114	2307
78	248
56	1985
390	1278
2400	2718
82	1705
200	2150
1691	2575
387	478
2868	3924
1	32
140	4043
225	1265
2394	2666
725	3174
333	516
140	3937
78	278
200	2133
140	3974
1641	2522
292	1971
2057	2947
140	3633
114	2416
140	4045
114	2404
114	2441
140	3993
380	2718
140	3694
82	2887
1	59
992	2753
82	2803
82	2849
114	2387
82	2823
929	2367
51	316
54	157
1809	2022
195	3871
78	214
140	4009
200	2209
56	2035
78	209
2666	2837
140	3923
200	2221
78	369
140	3656
78	334
76	1641
62	316
54	103
76	1610
62	3334
56	1972
200	2183
140	3921
82	2796
225	2882
2111	2857
1	38
3027	3820
1273	1806
76	1715
78	395
54	152
90	2864
140	4052
76	1758
78	361
140	3761
114	2361
82	2846
9	1053
172	2537
147	1436
239	4093
1691	2533
385	3168
82	2813
1615	2947
82	2811
950	3926
1053	2837
114	2342
1	24
1330	1943
78	285
200	2202
140	3654
76	1582
114	2440
390	1284
172	2548
1588	4042
1747	2737
200	2242
140	3706
74	311
1448	1806
390	1280
887	2392
390	1257
25	74
82	2801
60	273
200	2201
1265	1768
1833	2856
78	268
1257	1806
390	1277
2348	3785
39	1588
95	3061
76	1512
876	1259
182	1287
140	3764
390	1275
53	2102
82	2878
2063	2111
416	2867
140	3686
16	1365
76	1644
82	2873
114	2446
76	1576
2939	3368
140	3820
2253	2837
65	2718
78	294
101	786
140	3433
370	2831
82	2890
45	1588
140	3257
3057	3913
82	2869
140	3300
82	2842
2348	2867
76	1446
880	1957
200	2155
76	1522
200	2154
1	47
244	2998
82	2222
56	2043
122	2077
929	2392
385	1792
140	3989
1629	3293
1	2
140	4029
56	1942
82	2874
76	1779
200	2163
1	64
390	1259
117	390
1	22
2720	2864
426	2185
56	2044
1768	3872
82	2885
76	1726
1	21
82	2831
734	1923
62	1725
78	433
27	1819
81	2564
2199	3027
82	2835
82	2840
140	3751
140	3648
2111	3136
419	3767
200	2212
78	396
172	2531
2413	2666
140	3277
140	3905
114	2366
91	3336
76	1450
142	390
200	2132
200	2208
200	2124
114	2344
360	2918
939	3959
114	2413
114	2464
1028	1265
140	3730
147	3649
51	109
200	2239
2868	2966
390	1268
140	3987
56	2025
140	4000
2015	2189
82	2877
76	1489
78	298
140	3874
1355	1806
60	109
200	2222
56	1984
35	1768
56	1965
114	2343
140	3397
200	2166
140	3660
1	48
127	1705
1822	2736
76	1378
919	1972
140	3931
1806	2875
140	3822
78	421
78	414
140	4024
1	67
62	3844
172	2557
76	1456
114	2370
76	1374
76	1724
390	1276
140	3779
39	2737
244	3002
1	70
87	1902
188	514
82	2845
1430	2257
78	259
114	2301
1355	2254
82	2855
566	1964
140	3590
1053	2389
82	2862
390	1260
140	3953
56	2016
200	2171
1768	2831
391	3169
606	3205
78	211
76	1701
123	2773
114	2289
391	3426
974	1021
74	282
375	2271
188	725
78	321
200	2245
114	2445
27	1287
82	2824
140	3783
878	1988
1	20
78	262
1280	1806
554	2525
172	2544
56	1967
390	1264
82	2834
56	1992
1809	3732
114	2394
1105	3027
390	1285
1970	2109
1310	1744
76	1501
316	1501
560	1431
76	1431
56	1979
76	1525
316	1525
501	1696
2630	3790
140	3790
470	3007
451	3007
140	4010
2215	4010
195	1405
114	2349
1783	2349
140	3553
3258	3553
74	204
74	182
3258	4019
140	4019
948	2495
893	3683
3295	3454
140	3454
342	2286
114	2286
140	3878
3733	3878
233	2649
593	2649
876	3497
3795	4014
101	2001
1609	2011
1609	1871
438	3976
140	3976
967	987
974	987
1977	1986
56	1977
56	1986
2610	3608
1438	2158
1208	1312
1312	1819
2743	4094
543	1259
3291	3295
140	3291
82	2828
78	275
239	275
316	2122
593	3762
140	3762
1833	1839
2630	3663
140	3663
3258	3515
140	3515
928	1792
140	3641
281	3641
54	158
158	159
1801	2098
3208	4093
473	2925
1547	2925
239	3581
78	191
652	3527
516	2106
199	208
78	199
78	208
1365	1486
140	3591
2630	3591
140	3781
354	3781
1139	2883
140	3387
3387	3388
188	846
498	846
873	2931
2630	3661
140	3661
140	3505
140	3638
3505	3638
584	3700
140	3700
2234	2480
53	2112
86	2112
78	257
1304	2482
2082	2482
875	2543
172	2543
742	2040
1218	2040
805	2062
949	2062
82	2812
82	2821
2812	2821
416	3537
140	3537
1611	2603
2305	2365
114	2365
588	619
188	619
200	2243
686	2243
101	1806
326	434
78	434
123	200
1483	3311
1483	3743
140	3867
438	3867
140	3928
3928	3929
140	3929
286	3926
140	3758
3658	3758
3388	3492
140	3388
1793	2433
1528	1838
140	3681
3626	3681
76	1698
316	1698
56	1974
102	1974
914	2637
140	4058
3292	4058
1253	3626
186	1575
76	1575
217	594
3292	3559
140	3559
140	3287
2630	3287
242	2784
114	2377
91	2377
140	3992
3841	3992
1000	3785
3332	3333
140	3332
593	3540
140	3540
3476	3499
140	3499
875	2254
140	3955
281	3955
1030	1467
213	3413
140	3413
195	1995
458	1995
309	1182
309	3401
140	3405
3405	3514
360	3649
74	176
74	253
899	1909
2125	2141
76	1702
520	1702
140	3579
383	3579
875	3669
3710	3908
140	3908
730	1154
2829	2851
82	2851
82	2829
343	2541
520	1605
2595	2878
581	2767
76	1699
444	1699
54	167
105	167
54	105
1346	3115
884	1346
593	3284
140	3284
78	253
78	176
176	253
458	1347
140	3808
2630	3808
1828	1951
686	2185
200	2185
200	2177
686	2177
3626	3890
140	3890
78	283
283	284
2659	3073
140	3889
3888	3889
140	3888
140	3835
3536	3835
151	287
932	3234
140	3973
3733	3973
932	2323
383	3829
140	3829
5	212
2667	3610
140	3511
3295	3511
80	1554
647	2857
1164	3099
316	1398
76	1411
316	1411
3251	3649
140	3649
893	1794
290	1794
127	3926
79	886
3849	3850
140	3850
223	1203
2547	2551
172	2547
172	2551
82	2009
339	2788
127	2788
670	2928
56	2027
2027	2028
3607	3823
140	3753
1316	3753
588	2540
46	1000
95	1618
76	1618
273	1618
140	3463
593	3463
1731	1732
76	1732
1656	1927
958	2915
2915	3924
82	2858
151	2858
2254	3568
2260	3568
2294	3050
3361	3373
140	3373
3372	3373
114	2287
114	2388
2287	2388
82	2810
140	4054
2630	4054
734	1850
140	3642
3333	3642
151	3295
56	2004
79	2004
2737	3960
1768	3960
1308	3093
950	1237
2687	3237
1736	3038
3678	3679
140	3678
1401	2219
458	2219
2828	3185
2630	3341
140	3341
140	3881
520	3881
93	2882
922	2882
186	1658
76	1658
108	2444
114	2444
466	699
82	1051
140	3411
3333	3411
1373	1745
76	1745
242	2785
1817	2785
2017	2033
56	2033
56	2017
42	316
42	93
1769	3386
53	2109
101	2109
1116	2561
188	729
416	3617
3280	3998
140	3998
79	317
282	2088
140	3916
3109	3916
316	1684
76	1684
593	4004
140	4004
1222	1944
1944	2084
342	2443
114	2443
652	3830
140	3830
1470	2995
114	2380
114	2281
2281	2380
140	4016
3823	4016
677	4023
1053	4023
178	960
876	1371
390	1269
390	1279
1269	1279
140	3539
2630	3539
235	4064
1031	4064
1047	3949
114	2392
133	2392
136	1520
1772	2468
391	2561
46	2348
1769	2215
178	499
140	3628
3628	3629
140	3629
140	3871
2630	3871
200	2191
200	2206
2191	2206
188	728
480	728
223	851
1953	3010
3530	3531
140	3531
140	3262
255	3262
919	3028
875	1775
140	3467
2630	3467
9	1768
172	2549
279	2549
1196	1912
1713	2105
53	2105
89	159
54	159
2630	3255
140	3255
140	4006
3255	4006
140	3306
3259	3306
513	1898
200	2186
200	2168
2168	2186
2263	3228
241	3228
974	980
967	980
133	1943
56	1943
188	832
691	832
3449	3476
140	3476
140	3449
147	1810
140	3880
3707	3880
1	44
44	56
140	3909
2215	3909
76	1415
75	1415
3220	3793
1806	1810
362	1806
362	1810
374	1032
81	1988
56	1988
2548	4063
370	2548
1182	3401
2013	3401
1182	2013
76	1463
316	1463
1171	2111
3379	3851
140	3851
570	3677
2817	3677
781	1129
3296	4055
140	4055
140	3450
3258	3450
1793	3870
301	3870
76	1509
186	1509
868	1027
1334	2084
89	1709
76	1709
200	2140
2140	2182
200	2182
3217	4011
140	4011
18	416
18	316
360	2391
1474	1559
788	3215
140	3932
3108	3932
1202	1932
140	3712
3541	3712
740	4027
1023	1365
593	4003
140	4003
2010	3050
483	1198
82	2798
81	2798
1139	2798
2015	2341
114	2341
444	1349
1478	3710
140	3710
54	148
102	148
114	2375
133	2375
2648	3087
974	1012
967	1012
878	2454
114	2454
82	2818
2818	2850
82	2850
76	1506
316	1506
932	1485
823	3914
438	3452
140	3452
140	3527
140	3526
3526	3527
458	938
127	2335
554	1171
1672	3896
242	428
78	428
2657	3112
221	876
2941	3477
1768	1943
1943	2718
2470	2886
2470	2953
78	212
212	213
83	902
79	902
686	2214
200	2178
200	2237
2178	2237
76	1398
385	1398
140	3807
3266	3807
3924	3925
140	3925
1074	4076
46	1806
114	2335
82	2335
95	3477
910	2522
75	2522
2323	2522
876	3231
3575	3576
140	3576
140	3575
588	1259
316	1259
1030	3828
273	3828
531	3273
140	3273
140	3957
3273	3957
939	2385
2630	3619
140	3619
588	3619
16	887
114	2457
1171	3050
458	601
2142	2783
803	2783
1108	1308
3174	3963
114	2439
2315	2439
76	1673
175	1673
1927	3404
2081	3404
200	2131
175	2131
2793	4060
200	2181
200	2179
2179	2181
939	1802
316	1503
76	1503
1108	2106
343	2013
458	2013
1	16
16	56
16	82
1470	2430
943	1979
114	2376
267	2376
1411	2297
114	1411
114	2297
267	2297
140	3954
652	3954
53	2103
112	2103
1023	2088
1023	1053
1711	2641
1711	2593
195	3683
1028	3683
876	885
78	333
56	333
1217	3027
1371	2222
1334	2222
2222	2601
788	2215
788	1416
885	2561
2561	3200
647	914
1401	2499
172	202
78	202
2815	2833
82	2815
82	2833
133	1259
1053	2817
2430	2510
140	3735
3733	3735
458	1818
267	2372
114	2372
815	1356
291	1970
69	588
140	3256
2630	3256
140	3617
3616	3617
984	2828
419	1914
1345	1914
913	2430
342	2454
93	2454
92	2008
56	2008
789	1987
1817	2784
618	2784
1613	1642
76	1642
74	962
13	962
1372	2516
172	2555
1527	2178
402	2532
172	2532
74	961
13	961
172	2540
155	2540
478	2540
2010	2271
147	947
83	947
566	1936
3205	3906
1028	2959
1046	2959
762	1833
1028	2778
378	2778
3317	3674
140	3674
593	2681
233	2681
2296	3870
585	3821
569	4060
1432	1958
286	1958
286	1432
440	1725
1033	2512
56	1950
27	2737
69	2630
69	140
595	2541
458	2541
172	2541
1118	1433
82	2898
1182	2856
93	1800
39	81
156	2865
82	2865
2878	3173
1401	3173
82	2807
2022	2807
140	4051
2633	4051
235	4073
1028	4073
155	4073
326	1818
1818	1819
3729	4035
140	4035
54	163
54	142
142	163
136	2433
3331	3361
140	3331
316	1402
76	1402
82	2892
81	2892
1	9
140	3653
3624	3653
81	2000
56	2000
593	3821
140	2688
233	2688
140	3683
225	3683
271	3100
242	277
54	77
140	3510
1330	3510
144	2900
932	1824
4014	4015
140	4015
140	4014
566	941
1484	2996
102	2415
114	2415
1046	2429
202	4060
202	4059
4059	4060
374	4060
82	467
658	4093
1470	2385
241	3204
140	3204
504	790
188	790
140	3930
772	3930
2385	2753
114	2351
2351	2352
114	2352
273	2892
823	2892
296	1725
917	1304
929	1227
140	3556
593	3556
82	2003
56	2003
446	3858
140	3858
140	3283
3251	3283
1036	1493
566	1600
54	129
89	129
79	3669
182	204
78	182
770	2268
1813	2263
149	2253
1924	2253
419	1345
1053	2561
608	1185
608	2577
114	589
380	876
62	109
62	1053
1030	1934
1053	4060
140	3658
2630	3658
140	3536
3333	3536
1307	2817
2886	2953
151	2295
151	1783
655	1725
3352	3802
1586	2973
1824	1884
736	3266
2832	2994
221	2832
245	2100
53	2100
1370	2690
1370	3354
3285	3613
140	3613
516	1107
2088	2089
1053	2089
1365	2089
282	1365
282	2089
3276	3985
140	3985
929	1979
89	1979
1161	1356
1809	1970
244	2997
816	2117
113	551
2625	4007
2699	3927
140	3927
554	3975
123	2737
91	2527
172	2527
277	3020
244	3020
764	1405
76	1405
95	3185
3185	3311
221	647
1139	1870
581	1870
1736	1929
76	1664
462	1664
893	4090
1028	4090
1824	2512
543	1276
114	2435
918	1945
918	3354
140	3351
1666	3351
2913	3061
151	2110
458	3715
1433	2856
845	2526
128	2909
94	1507
878	3004
878	1907
140	3595
3427	3595
791	2303
919	4060
732	893
2773	3669
1304	3669
56	1980
107	1980
407	512
232	407
2121	2126
200	2126
1927	2931
343	1772
580	3325
196	197
3364	3365
140	3365
56	2036
277	2036
2715	2716
378	2716
82	2799
342	1581
76	1581
915	3007
370	3007
244	3007
359	370
78	359
593	3285
171	2986
136	2077
449	2077
1080	3849
1890	2103
1821	2103
271	2256
1672	2537
1814	2537
543	2537
316	1591
2099	3601
2099	3460
950	3981
1927	2118
1330	3496
140	3496
172	2554
46	2773
629	2963
95	1474
1138	1366
1366	2085
1744	3110
2700	3611
140	4007
618	1839
1894	3311
1334	1490
609	860
3295	3474
140	3474
1	15
566	1448
1950	2720
1950	2039
15	133
2753	3906
140	3821
903	2972
903	1419
647	4049
1223	2599
2892	3311
647	2892
1783	3245
1127	3809
1084	3809
875	2256
239	2218
2608	4026
140	4008
83	903
192	903
699	2488
1528	2837
1	39
376	3115
887	1265
929	932
1838	1927
385	3969
76	1583
1583	1584
1416	3655
140	3655
252	2995
929	2995
89	2995
1371	2995
316	1723
246	2856
851	2178
140	3519
3519	3549
543	2771
512	2771
884	2457
1414	4063
200	2152
2121	2152
1001	2753
887	1969
90	1448
910	1448
1802	1817
195	1896
1089	1443
1341	3849
734	3849
1139	3969
742	1394
950	1238
220	1036
441	1469
76	1469
540	951
687	3626
343	894
2088	2799
1074	2088
1633	1935
342	3870
1817	3870
823	3870
1334	3870
56	1969
659	1969
200	2123
376	887
3434	3943
13	960
606	607
1291	3266
155	2457
342	2499
551	740
1888	3311
515	2996
2856	2996
2117	3699
380	3699
2855	3699
380	2855
380	2117
200	2207
166	2207
1416	2215
686	2195
76	1605
107	1605
875	2900
402	2336
920	2336
758	1433
1817	2048
1053	2048
91	2048
56	2048
3314	4008
2800	3103
2064	2564
647	930
930	2753
1793	2900
114	2402
2101	2402
114	2101
53	2101
1819	3117
296	2435
644	1813
82	1265
81	1265
188	713
530	3122
959	2350
1665	1793
155	3913
815	3541
585	3541
1	5
267	657
2792	4067
1585	1844
90	1844
960	1500
543	1647
213	710
617	707
79	1802
138	1802
81	1802
1802	1833
78	330
106	330
122	2085
730	2323
795	1824
486	553
1578	2800
929	1215
127	1215
512	1154
2748	3141
458	3477
80	2122
2601	3330
95	2430
156	1776
75	1776
822	931
931	3161
734	931
3086	3174
1223	3230
2816	2994
195	2816
577	2055
286	2118
3242	3966
885	3971
687	781
483	3117
342	2457
1927	2457
2435	2994
155	2435
2253	3497
647	2783
613	1749
2433	3311
647	2433
286	2433
1927	2433
342	2433
140	3497
145	2106
101	1791
1791	1891
1532	3093
2567	3632
140	3632
841	1824
2088	2278
1975	2085
79	2799
1074	2799
286	2799
587	1584
80	2856
1	27
39	1970
588	941
647	1001
407	960
198	407
78	407
3480	3969
2271	2555
647	3231
305	647
647	1989
2029	2981
72	2775
1970	2348
45	2348
863	1768
1565	2516
287	3743
2773	3497
1334	3497
151	1880
449	1820
1637	4079
140	3813
3673	3813
3258	3813
3349	3544
140	3544
3434	3544
2692	3571
383	3571
79	2013
56	2013
102	2013
286	1802
1028	4081
2630	4053
932	1847
137	2550
1783	2458
2737	3981
331	589
652	3964
140	3964
2630	3964
1321	2369
423	1065
915	1065
796	1065
9	316
950	1186
454	950
1384	1951
198	540
960	2922
301	1796
1139	1796
290	1796
305	3231
188	809
188	810
566	810
566	809
809	810
1824	3168
195	238
3861	3862
140	3861
383	3861
383	3862
140	3862
520	2942
2941	2942
171	2942
2368	2369
115	2369
114	2369
481	3632
1546	2609
140	4048
140	4047
4047	4048
3316	4047
3316	4048
1756	3696
81	2433
114	2433
106	2433
438	3446
140	3446
3446	3836
3802	3804
3803	3804
140	3804
3802	3803
423	1219
796	1219
915	1219
343	2485
458	2485
168	2485
423	1066
915	1066
502	1066
380	1107
1028	2429
426	2774
127	2184
878	2184
2480	2776
1334	2480
2192	2248
200	2248
686	2248
177	365
78	365
364	365
54	161
107	161
145	161
79	1926
1619	2296
3253	3745
3251	3745
140	3745
140	3364
140	3662
3258	3662
3364	3662
3258	3364
241	3029
416	3159
241	3159
292	3159
588	1899
588	1898
2417	2418
114	2418
342	2418
114	2417
342	2417
114	2414
267	2414
1783	2414
919	1505
76	1505
93	1505
960	2860
2776	3645
1334	3645
1954	1961
200	2122
2122	2210
2122	2176
138	1287
138	1887
138	191
1287	1887
191	1287
140	3490
416	3490
3126	3490
471	1215
3253	3292
3253	3498
140	3498
3292	3498
140	3292
308	1358
76	1358
1358	1359
383	1944
297	2469
470	718
604	2149
1055	2149
3223	3943
3608	3943
878	944
83	944
879	944
441	3482
879	1276
90	1276
308	1276
140	3484
438	3484
2630	3484
416	3564
140	3564
2696	3564
406	2673
531	1681
228	1681
76	1681
2041	2718
1824	3177
901	1153
543	1435
887	1905
1892	1905
138	1905
233	2586
2584	2586
2585	2586
1811	1812
362	1811
147	1811
232	718
188	718
316	1693
537	1447
76	1447
531	1447
458	3821
354	3051
299	3051
243	3051
1048	3632
54	125
950	1228
326	1820
72	4038
172	1413
869	2071
90	886
83	886
106	1648
300	1648
76	1648
501	3483
1205	1545
1063	1545
1527	1545
354	3897
140	3897
3266	3897
223	3100
223	1052
1330	3665
140	3665
593	3665
925	2064
466	2064
2110	2116
1068	2116
53	2116
53	2110
2294	2711
140	3636
736	3636
383	3636
1118	2111
1185	3134
241	3134
416	3134
239	254
279	1997
279	2847
233	2597
2570	2597
2596	2597
566	875
416	3754
140	3754
1330	3754
416	3901
95	718
718	1528
458	718
3	878
3	6
1	3
3	4
56	938
330	2323
423	1243
2584	3130
2585	3130
438	2678
140	2678
233	2678
82	2905
82	2523
223	2905
2523	2905
223	2523
86	2381
86	2300
114	2381
2300	2381
184	3205
543	2083
2599	2647
233	2647
652	2647
326	1863
175	1863
215	1863
2853	2893
2893	2894
82	2893
82	2894
82	2853
2853	2894
1365	1893
172	2545
2545	2546
763	2545
763	2546
172	2546
2082	2928
292	3293
416	3293
140	3293
1727	4093
466	2564
200	2247
200	2246
200	2169
2169	2247
2169	2246
2246	2247
308	3316
442	3316
370	3316
1817	2786
2782	2786
242	2786
2052	3491
2055	3491
419	4069
286	4069
235	4069
386	835
835	1443
114	2386
342	2386
1783	2386
297	2323
297	929
574	903
903	1637
140	3734
140	3697
3733	3734
3697	3733
3697	3734
172	740
188	740
76	740
140	3857
3313	3857
3251	3857
675	1519
393	1888
2215	3669
383	3907
140	3907
652	3907
730	1202
301	1517
2868	2935
1548	2868
516	2868
374	1028
991	3340
985	3340
984	3340
487	2085
1138	2085
960	2085
3431	3689
140	3975
3180	3975
588	3975
140	3746
140	3747
2630	3746
3746	3747
2630	3747
77	95
72	77
77	1528
2621	3051
2635	3051
2682	3051
165	4077
292	3869
446	3869
140	3869
140	3796
2630	3796
3796	3797
322	323
225	323
78	323
123	2718
3724	3725
140	3725
1016	3725
530	795
937	1837
553	2559
553	2055
553	2058
1076	1981
734	1981
1164	1981
1401	1820
555	1820
458	1820
974	1022
972	1022
973	1022
376	1507
376	896
376	1743
1817	2847
99	1817
136	4042
383	4042
140	4042
2300	2324
114	2324
2299	2324
1950	2234
1546	1950
1517	1950
140	3586
1330	3586
575	3586
2294	3036
2294	3027
78	181
179	181
180	181
179	180
78	179
711	3120
2272	3383
140	3383
3226	3383
243	3052
355	3052
734	3052
437	1443
343	1041
54	124
74	124
56	124
243	3087
444	3087
353	3087
520	1412
76	1412
452	1412
2900	3174
261	1917
1228	1383
91	1383
76	1383
1383	1486
107	1383
1323	2719
1334	2719
2630	3797
3423	3797
140	3797
2215	3185
147	2275
383	3828
1308	3828
140	3828
591	1706
1706	1707
76	1706
3313	3824
3251	3824
140	3824
1486	2121
2121	2184
950	2524
950	3933
140	3659
3313	3659
3253	3659
1672	2837
734	2837
2837	3237
127	2041
279	392
78	392
172	392
76	1774
76	1773
76	1731
1731	1773
1773	1774
1731	1774
620	2090
3269	3823
3269	3644
140	3269
123	277
140	3355
255	3355
2602	3355
273	2814
1028	2814
2814	3143
90	758
3506	3507
2577	3507
140	3507
2577	3506
140	3506
540	2856
2215	2856
111	2856
200	2121
200	2223
200	2224
2223	2224
2121	2223
2121	2224
140	3705
140	3924
678	1631
604	1631
76	1631
2907	2908
82	2908
2906	2908
82	2907
2906	2907
82	2906
1867	1869
326	1869
1868	1869
1867	1868
326	1867
326	1868
284	1434
1434	2669
1434	1990
2284	2285
2283	2285
114	2285
3244	3441
3244	3440
3422	3588
2630	3422
21	189
21	78
21	204
78	189
189	204
78	204
2442	2462
2047	2732
937	1674
1276	2939
1276	2773
1276	2601
140	3873
3278	3873
3249	3873
567	2595
567	1476
343	3821
694	3821
195	3821
2912	2917
543	2917
73	2917
675	1819
2300	2340
2299	2340
114	2340
3237	3859
1425	1722
136	1722
76	1722
1395	4007
75	2927
403	1983
1716	1717
76	1717
1717	1718
1716	1718
512	2385
3427	3428
3426	3428
140	3428
140	3426
3426	3427
82	2841
2538	2841
223	2841
2620	3495
591	1467
76	1467
273	1467
1817	2754
724	3793
186	1630
76	1630
473	1630
752	1163
752	1206
3567	3569
3568	3569
2254	3020
2260	3020
2258	3020
1944	3442
937	2009
1459	3129
273	2787
1193	2787
549	3097
549	3095
549	3094
3329	3330
140	3330
2630	3330
56	1970
91	1970
45	1970
447	928
140	4026
3174	4026
2692	4026
1281	1283
390	1283
1282	1283
390	1282
1281	1282
390	1281
15	56
15	112
15	102
543	3086
2018	2019
2019	2020
56	2019
56	2020
2018	2020
121	2106
53	2106
95	3196
353	1990
393	3996
478	2754
2264	2792
305	2792
140	3425
354	3425
3266	3425
1517	2210
140	3884
3650	3884
3345	3884
391	2255
391	2258
3571	4049
3571	3849
140	3571
1139	3785
487	1806
195	1806
1368	1806
874	908
866	908
277	908
83	908
140	3600
794	3600
593	3600
55	904
3253	3666
3295	3666
708	1223
423	1223
1031	1223
566	1293
1389	2128
686	2128
200	2128
79	2070
413	1352
780	3348
1617	2515
2599	2687
233	2687
652	2687
1078	1198
330	2328
118	330
109	330
95	3144
2630	3361
698	1233
698	1044
698	1166
241	3190
140	3190
1316	3190
930	2064
155	297
172	297
78	297
1734	1735
76	1735
436	1735
241	3213
354	3213
416	3213
127	3657
393	3657
140	3657
391	2509
590	2142
301	2268
501	1174
370	1348
413	1348
1348	1356
76	1730
1139	1730
106	1730
128	2480
419	530
2630	3285
2630	3372
1960	2977
478	3497
677	1370
13	959
1817	2115
286	2115
383	3971
140	3971
192	3971
1159	2123
604	2123
727	2123
125	244
803	821
924	3632
370	3632
1139	3632
1	4
107	2508
449	2747
590	1756
331	590
140	3203
416	3203
241	3203
291	2983
851	2965
688	2990
566	2990
171	2990
470	757
76	1714
678	1714
604	1714
804	4049
1601	4049
3145	4039
140	4039
467	4039
3352	3522
739	2946
739	1129
653	1129
1129	2946
613	1129
426	3390
401	3390
292	3390
1903	2927
73	2927
156	2927
863	2190
1824	2641
658	2641
2593	2641
449	2028
342	2028
56	2028
1020	3356
588	926
554	926
887	2009
106	2009
56	2009
83	940
1320	3447
915	4076
439	2271
1032	2469
799	3325
2570	2639
2575	2639
186	1666
232	1666
76	1666
140	1666
1666	3219
794	1666
924	2932
458	1617
1459	1617
76	1617
1821	2002
56	2002
192	2002
1831	1832
326	1832
95	1832
127	2010
566	3573
140	3573
3108	3573
3124	3767
3251	3415
140	3415
2630	3415
406	2589
140	2589
233	2589
802	1039
151	2782
647	2782
232	2745
588	2118
95	2118
140	3911
563	3911
3114	3911
1927	3215
2291	2403
2292	2403
114	2403
279	1849
1153	1849
515	1849
1876	2041
2041	3696
2041	2686
215	3034
243	3034
2697	3034
862	4070
1824	3063
1139	1693
76	1693
106	1693
932	3129
343	909
3380	3913
2706	3913
851	1975
140	3593
3258	3593
3352	3593
1460	1461
684	1460
76	1460
1485	2781
2114	2115
53	2114
113	2114
53	2115
113	2115
225	3793
370	3785
140	3785
102	3785
588	1663
1448	3014
503	2654
140	3329
2630	3329
3329	3434
530	1112
3029	3069
225	3029
243	3029
243	3069
225	3069
2295	2313
114	2313
2313	2314
114	644
239	644
5	1359
1046	2524
3361	3795
3766	3795
140	3795
652	3389
864	1788
2189	2718
118	1520
76	1520
1519	1520
200	2138
107	2138
1616	2138
2138	2750
1118	2138
2138	4063
3275	3276
3274	3276
140	3274
3274	3275
657	2594
2323	2994
1202	2994
79	2994
875	2816
219	591
575	3912
140	3912
3406	3912
145	3497
140	3709
3266	3709
3578	3709
3514	3802
140	3802
3285	3802
188	781
3367	3408
82	2606
2841	4080
340	2526
3303	3352
3118	3359
140	3716
3716	3717
3715	3716
3715	3717
140	3715
430	3386
235	2764
378	2764
1028	2764
349	479
2790	3050
438	2639
2638	2639
233	2639
233	2638
95	1329
78	238
238	239
238	240
1357	2022
128	2117
244	3012
93	3012
504	857
504	856
188	856
856	857
188	857
2779	2954
819	1233
951	2088
54	162
128	162
83	162
577	1034
596	1034
1443	3012
386	3012
458	3012
1971	2098
2097	2098
53	2098
301	2098
53	2097
1971	2097
1964	2097
870	2098
884	1872
2176	2980
688	2978
566	2978
171	2978
3472	3569
140	3569
3470	3569
1764	1870
495	3054
578	858
188	858
452	858
292	858
140	3378
3357	3378
2630	3378
3438	3906
184	3438
232	3971
1357	3971
644	3971
93	327
172	327
78	327
140	3652
566	3652
1330	3652
903	1172
903	1076
770	903
244	288
383	3278
3249	3278
3126	3249
140	3278
3126	3278
1616	2192
200	2192
686	2192
76	1720
3195	4027
872	1887
875	1887
191	1887
191	872
191	875
39	342
39	56
39	93
670	1764
458	2499
802	1457
72	1457
76	1457
582	748
499	748
188	748
985	986
984	986
967	986
109	2118
53	2118
81	2118
2841	2994
1435	3027
1435	2737
1435	2718
1363	2718
1363	3027
1244	4086
2742	4086
76	1752
556	1752
1752	1753
556	1753
76	1753
82	2856
128	2856
115	2856
652	3997
1578	3354
1578	2690
1578	1824
1161	3981
273	4008
4008	4063
716	4008
5	1365
221	3626
72	3626
219	3626
353	3626
219	353
920	1909
939	1411
1411	2052
1411	2051
552	1864
2001	3513
269	1593
1093	1593
80	1593
458	2772
566	2335
588	2335
510	2335
72	3533
570	960
114	2385
127	2385
794	4068
131	2952
918	2105
279	2105
1574	2105
2462	2465
2461	2465
114	2465
2461	2462
2333	2462
114	2462
114	2461
2333	2461
1517	2176
1063	3185
413	1353
1353	1355
1353	1354
919	2093
369	2260
369	2256
369	2254
1375	2981
781	3245
638	781
781	3308
652	781
2001	2965
1224	2111
378	2726
409	2098
556	1329
242	1817
1817	2782
1139	2792
383	3249
299	3249
140	3249
27	1927
668	1215
3325	3326
140	3326
3326	3327
1222	2084
76	1780
449	1780
385	1780
132	693
695	915
198	484
94	1821
1098	2743
76	1595
136	1595
588	1595
554	1595
901	2529
1308	2695
2694	2695
233	2695
613	3451
566	3451
140	3451
271	718
718	929
718	913
255	1254
423	1254
312	1254
1005	2630
1053	2098
380	2526
618	1217
1028	1569
741	2053
308	1416
476	1028
2746	3067
3840	3978
140	3978
3977	3978
2726	2737
884	2726
2718	2726
1759	3209
595	3185
2323	2550
2090	2323
375	652
616	1472
1862	2277
1183	1756
851	2878
851	2932
2001	2561
219	2561
218	2561
1384	2854
76	1675
80	1675
107	1675
88	3914
1792	1993
1171	1993
1171	2071
290	1802
1793	1802
893	1802
1802	2486
1802	2473
478	2178
1297	2178
700	2178
2475	2553
342	2359
2294	2359
114	2359
1823	3215
1308	3812
140	3812
2689	3812
90	937
1182	2953
1	45
593	3414
140	3414
2572	3414
45	878
520	1720
488	1720
587	1720
286	422
402	621
1964	1971
53	1964
2776	2996
707	3323
1768	2294
2294	2729
1357	2971
751	3033
824	1553
78	437
437	458
1176	1944
1185	1944
652	1944
241	3085
1578	3103
2476	3237
686	2200
686	2149
198	960
416	2900
527	3949
2810	2911
73	2810
75	2810
425	3581
340	3581
123	2111
2323	4076
171	2982
564	2982
516	2982
1817	2098
140	4023
140	3419
140	3626
3419	4023
3626	4023
2008	4023
3419	3626
2008	3626
2008	3419
927	2111
93	2555
75	2555
2056	2555
470	1983
79	2106
918	2106
1139	2106
106	2106
515	2106
3361	3766
518	3058
56	1981
951	1981
155	1981
160	1357
267	2371
114	2371
2320	2371
1643	3427
1764	2509
1334	2217
1180	2098
1927	2098
286	2098
257	851
132	257
257	548
257	458
188	698
515	698
452	698
1028	2878
1028	2932
2878	2932
1443	2932
362	878
1824	2994
225	3669
1821	2732
1873	2732
109	2732
81	2732
1175	1622
1656	3060
1478	2554
2554	2953
2966	3058
588	2966
870	1053
2096	2746
140	2491
2316	2431
114	2431
267	2431
800	801
1552	2144
1218	2367
426	2367
114	894
2704	2891
1601	2891
949	2891
707	2056
2056	2754
1584	2754
1603	1941
458	2554
563	2509
46	1649
1535	1854
2630	3391
140	3391
3390	3391
3385	3391
3385	3390
140	3385
226	3742
226	2753
226	647
627	1115
922	2724
627	1519
627	4027
627	1129
449	1129
1519	4027
1129	4027
90	930
54	153
2294	2412
267	2412
114	2412
339	2793
2792	2793
127	2793
594	2792
939	2582
233	939
225	939
964	965
963	965
125	965
125	963
963	964
125	964
1016	3724
682	1476
126	1546
652	1584
751	2759
1603	2071
589	3046
1309	3786
1303	1309
1309	1328
1028	1346
78	363
749	3483
1118	2856
342	427
898	931
83	931
95	931
896	1507
896	1743
1234	1356
1031	1345
1695	2215
353	1356
1031	1356
73	2913
123	145
466	930
1482	1727
1161	3072
140	976
976	3376
452	918
695	4082
566	3859
140	3793
3727	3793
3793	3970
2605	3793
2605	3727
2605	3970
279	3669
647	3128
1311	2776
550	1727
630	4060
3491	4060
340	4060
2323	2478
1168	2500
286	2500
168	2500
220	370
136	220
699	3913
3913	4057
241	3189
3062	3189
398	3189
923	3208
3689	3766
140	3689
3305	3689
3689	3690
1993	2071
1069	2856
958	1611
53	2117
477	3174
263	1880
2288	3139
331	1821
12	74
11	74
2575	3776
694	791
188	791
694	2860
186	3020
286	1695
927	1552
1783	2452
172	2526
2288	2498
458	2878
1401	2878
1443	2878
1819	2878
892	2913
1768	2913
543	2913
2912	2913
2666	2694
82	2900
86	2900
2226	2227
2225	2227
200	2227
200	2225
2225	2226
200	2226
1	49
1	7
1	50
1	6
530	3288
823	3498
1306	3498
1077	3498
3547	3548
299	3548
299	3547
2737	3065
533	1218
673	1218
851	1218
915	1218
423	1218
769	3933
386	3140
1993	2082
939	1993
320	1993
1484	2704
1817	2900
1053	2900
342	2900
102	2900
78	237
236	237
235	237
235	236
1891	4091
1891	1918
2061	2555
1139	2555
481	2555
1108	2555
287	2564
3264	3265
140	3265
3265	3266
714	755
2001	2994
588	1482
90	4086
951	1365
377	685
273	1404
143	1098
458	1510
195	1510
319	1510
76	1510
1510	1586
79	439
102	439
78	439
93	439
409	439
113	441
632	1983
1176	1983
3309	3508
1668	2272
391	2728
386	1247
529	1092
231	1602
630	3491
2056	2994
1458	1983
1851	1899
1851	1929
240	1851
876	1041
1945	2081
360	2081
1917	2081
1917	1945
217	375
3028	3696
56	1952
1139	1952
1324	3594
229	3594
1443	2513
458	2513
502	2078
122	2078
2061	2078
1935	2115
563	2115
1076	2115
339	1652
1652	2791
339	2791
1541	2791
2791	2792
370	1345
1862	2176
197	2176
295	656
107	2832
919	2832
1316	3968
2744	3076
1069	3076
707	1030
1781	4084
128	1911
140	3870
3354	3870
707	3870
2753	3870
3280	3295
3290	3295
3295	3693
166	1847
90	2256
2300	2354
563	1823
556	1823
350	1993
350	1971
350	1891
1365	1504
1054	2515
1203	2515
932	939
1396	3844
415	2792
91	2792
927	2792
415	927
600	3237
90	938
287	938
83	938
873	938
880	2526
418	3231
2935	3842
3435	3436
2628	3436
140	3436
1179	1637
3025	3174
1419	2972
319	2748
82	1792
868	878
644	2022
1340	2022
198	2022
82	2022
82	2040
56	2022
2022	2040
455	2022
501	958
706	3114
898	4080
91	927
83	927
74	927
802	927
291	3214
291	2773
470	2073
851	1039
3333	3920
502	2841
368	2090
673	3100
5	919
566	2751
1357	2781
273	3497
1139	3497
823	3497
1817	3497
1053	3497
910	3497
75	3497
195	3497
823	1123
1122	1782
2228	2770
111	2770
1639	3020
229	3020
1192	3363
305	1082
305	1108
2529	2922
171	2983
1528	2983
458	2118
2118	2753
443	2118
2118	2637
121	1993
128	246
240	1791
240	1792
893	1781
742	1218
543	1218
82	1962
195	4094
834	1120
126	2721
555	1764
930	2509
1838	2041
1836	2041
279	1574
930	1483
873	930
873	1483
694	2385
135	2728
1507	3926
822	2782
349	1221
1308	3776
82	1954
2922	4057
297	1032
3546	3567
971	1009
969	1009
726	2694
90	3100
90	2759
150	286
1112	3844
380	845
647	1416
9	82
9	81
9	56
9	1139
501	1443
1419	2057
279	604
1010	2621
1010	1320
331	1756
223	1515
543	2767
546	3482
546	1326
175	3439
264	4086
2320	2425
79	940
2694	3091
742	3100
123	3237
123	823
795	1472
454	1186
2629	3470
1034	1303
380	2592
1227	1487
1227	4062
56	2007
824	2007
74	2007
878	2007
172	763
3447	4046
3264	3622
217	652
55	232
55	172
184	1325
93	1705
76	1705
172	1705
1053	1705
1030	1623
198	2323
1410	1824
1443	3140
1546	1823
80	2350
114	2350
128	2350
353	3276
46	950
687	1129
1470	3669
1149	1304
114	2058
2620	2633
140	3995
507	4068
713	929
713	1883
3296	4046
1072	1406
623	731
3523	3791
1546	1708
785	1472
939	943
123	2720
9	823
1319	1392
875	2977
1243	1976
217	1040
732	1775
1775	3370
82	2092
3285	3372
82	2228
82	2886
360	4077
1586	4077
970	4046
971	4046
695	4083
316	607
1526	3174
1361	1511
483	1361
483	1511
543	833
833	1057
115	2368
1547	2516
1547	2515
1459	1547
2064	2515
1459	2064
195	2986
652	3363
3174	3363
140	3363
1177	3363
1584	1824
478	1584
172	617
136	617
188	617
910	4057
555	1129
243	3086
443	721
721	2948
721	1824
1880	3776
621	2262
554	2262
3245	3791
342	811
811	1138
465	811
3026	3218
615	950
1371	1860
3258	3372
140	3906
3370	3906
286	2526
1	46
880	1803
860	1961
860	939
574	4079
1550	2076
656	1759
709	2510
939	3491
56	2018
959	2282
1775	2623
458	2623
745	1821
764	1048
147	2792
140	3669
2994	3682
2323	2921
959	1783
1240	1502
1202	2103
2103	2323
805	2398
1175	2856
2474	2506
870	1817
449	627
370	2117
824	2117
140	3926
1151	1376
92	3669
1470	2117
876	2117
929	2117
157	1910
1519	2510
1236	1983
1835	1983
391	3027
391	3129
1150	3021
2680	3508
647	939
1099	1243
1053	1849
1430	3699
864	876
1756	2142
236	457
784	2666
279	2911
73	2911
1169	3061
187	3699
187	3209
550	4093
402	1898
297	1060
3076	3237
910	1116
734	2921
1544	3904
56	1982
1089	2142
331	1089
123	144
54	123
123	1028
86	123
123	273
106	123
123	887
123	301
1416	3597
443	1416
1971	2294
635	1384
2856	3792
1122	1547
1107	2592
1196	1817
868	869
866	868
83	868
867	868
1569	2956
808	1569
887	3271
106	3271
1603	2436
137	429
1807	1808
101	1807
362	1807
101	1808
362	1808
1808	1809
362	1809
101	1809
114	2438
2291	2438
2290	2438
2305	2438
2516	2517
306	2517
343	2517
458	2517
1068	2981
1068	2495
2507	4002
137	1197
2006	2014
875	2014
1936	2014
3253	3877
3313	3877
54	141
1178	2524
76	1370
659	1370
326	1370
1370	1371
581	1376
125	287
78	125
56	125
125	172
593	4013
140	4013
2625	4013
3581	4013
2625	3581
593	3581
988	3349
86	2367
1109	2818
487	1839
1839	1840
326	1839
1817	1839
548	3197
548	2613
548	2577
1137	1961
2401	2406
2322	2406
2308	2406
338	2730
438	3825
438	2638
2638	3724
3724	3825
140	3825
140	2638
2638	3825
2290	2410
114	2410
2410	2411
2292	2410
2292	2411
114	2411
2290	2411
114	2292
2291	2292
2290	2292
2292	2305
2290	2291
2290	2305
114	2290
114	2291
114	2305
2291	2305
3309	3814
3244	3814
140	3814
3465	3814
273	501
388	501
501	1165
501	863
9	1330
9	2630
9	3334
114	1874
326	1874
959	1874
1381	1874
798	1483
1042	2190
233	2662
735	2662
2662	2663
2263	2662
76	1661
215	1661
228	1661
1499	1661
314	1847
3318	4084
3748	4084
2568	4084
3598	4084
2630	3582
3582	3584
3582	3583
140	3582
3583	3584
2630	3584
1158	2059
122	2059
915	2059
2059	2060
2254	3208
2251	3208
2250	3208
1362	2787
1070	1517
235	1346
1345	1346
1346	1347
413	1346
1345	1347
413	1345
235	1345
413	1347
235	1347
2011	2058
3258	3868
140	3868
3525	3868
3290	3868
224	2385
118	2385
138	1900
114	1900
870	1900
165	1900
186	1721
802	1721
155	1721
76	1721
793	2550
76	1624
2619	3077
1477	2482
2194	2195
200	2195
2193	2195
2195	2196
200	2193
2193	2196
2193	2194
2194	2196
200	2194
200	2196
513	1587
76	1587
1482	1587
1523	1587
136	2708
2579	3224
292	3224
416	3224
241	3224
3289	3368
140	3368
3368	3766
3367	3368
153	626
153	1535
301	1864
1122	1864
440	1864
122	2064
939	2064
2058	2064
2058	2063
939	2063
122	2063
5	3027
5	2737
102	1812
147	1812
101	1812
362	1812
1061	1422
1422	2856
1422	1484
443	1484
1484	2650
1307	1484
1484	2669
1484	3174
1484	3133
773	3630
2630	3630
438	3630
140	3630
513	1755
1754	1755
76	1755
537	1755
76	1754
537	1754
513	1754
1026	1037
603	1037
823	1037
423	1037
143	1590
357	1590
215	1590
76	1590
136	2596
3938	3939
3938	3940
593	3938
140	3938
593	3940
140	3940
3939	3940
140	3939
593	3939
3994	3995
164	223
2630	3887
140	3887
3279	3887
3259	3887
2630	3551
2630	3554
2125	2210
200	2210
2188	2210
2176	2210
200	2188
2176	2188
2125	2188
2125	2176
662	2176
1042	1593
3581	3942
3548	3942
3872	3942
3548	3581
140	3548
3548	3872
140	3872
140	3581
3581	3872
1527	1746
114	2282
342	2282
2282	2303
1783	2282
755	3896
188	806
76	806
215	806
155	806
1118	4060
1233	4060
273	4060
1139	4060
443	1118
271	2117
420	2117
894	2117
90	2117
146	1567
76	1567
509	1567
772	1567
195	2979
171	2979
2920	2979
2931	2979
56	288
185	2457
288	2457
886	2457
286	2457
288	886
286	886
185	886
185	288
282	1028
282	2091
282	1046
282	2090
90	1259
910	1259
107	1259
920	1259
652	1783
1783	3994
3094	3097
243	3094
3094	3096
3094	3095
243	3095
243	3097
243	3096
3095	3097
3095	3096
3096	3097
100	102
54	100
99	100
86	100
2596	3844
1164	2596
560	2596
596	2596
321	1169
321	1028
321	686
321	2564
652	3276
1308	3276
3170	3276
140	3276
575	3276
1160	3128
353	3185
2572	3185
241	3185
140	3185
3345	4046
989	4046
969	4046
140	4046
566	863
588	1578
891	1425
140	3563
3563	3596
3563	3982
3253	3563
1206	4017
820	1677
76	1677
513	1677
531	1677
274	1747
75	1526
2630	3833
438	3833
140	3833
3356	3833
1919	3026
1919	3311
1919	3161
647	1919
370	1952
985	988
988	991
984	988
46	1359
336	1619
140	3789
2630	3789
383	3789
438	3789
3352	3384
3361	3384
3384	3580
140	3384
3352	3361
140	3352
3258	3352
3352	3580
3361	3580
3258	3580
3492	3580
140	3580
3258	3361
3361	3492
140	3361
140	3492
3258	3492
1695	2737
11	13
11	12
10	11
1	11
12	13
10	12
1	12
1	10
10	13
1	13
3372	3514
140	3372
3290	3372
3372	3811
2315	2316
2308	2315
114	2315
2298	2315
385	2054
122	2054
342	2054
874	2054
2632	3904
770	794
1430	3145
920	1756
578	1670
3418	3445
3267	3445
140	3445
3400	3445
1038	1847
652	1747
726	1096
292	3321
575	3321
1330	3321
140	3321
3501	3502
3500	3502
140	3502
3502	3503
140	3503
3501	3503
3500	3503
140	3500
140	3501
3500	3501
452	3385
444	3385
1111	3385
573	3385
586	3199
316	1680
76	1680
604	1680
107	1680
1183	1764
1330	3892
140	3892
575	3892
3892	3893
575	3893
140	3893
1330	3893
2063	2554
353	2063
2063	2064
1547	2063
353	2064
1547	2064
2064	2554
3944	3946
3944	3945
140	3944
3666	3944
140	3666
3666	3945
3666	3946
3945	3946
140	3945
140	3946
662	1793
3389	3963
140	3389
593	3389
3389	3523
593	3963
140	3963
3523	3963
79	1158
578	677
578	659
578	633
3268	3773
878	3172
188	609
498	609
497	609
543	609
2634	2635
353	2634
233	2634
225	2634
225	3116
241	3116
2160	3116
586	3116
1371	4078
820	4078
3692	3860
2630	3860
3765	3860
3302	3860
140	3860
562	2744
884	2744
1051	2744
93	2744
331	409
841	842
171	841
188	841
564	841
83	427
346	427
78	422
114	2405
2405	2407
2405	2406
2320	2405
2320	2406
114	2406
2406	2407
114	2407
2320	2407
114	2373
296	2373
342	2373
2303	2373
2591	2916
379	2916
1338	2916
379	2747
1338	2747
2591	2747
2572	2636
233	2636
437	2953
437	1038
195	437
437	694
90	1585
136	1687
76	1687
802	1687
686	1687
1146	1502
3315	3667
3315	3668
3667	3668
140	3668
3570	3668
102	1535
114	1535
910	1060
3295	3356
156	2914
246	2914
73	2914
2816	2914
239	1791
1691	2061
1951	2479
1078	2103
1541	2792
127	2792
339	2792
2790	2792
676	2136
1371	2136
116	2136
937	2136
915	2103
1053	2103
2088	2103
402	2103
370	927
640	1485
641	1485
244	2542
1153	2542
172	2542
155	2542
75	2542
89	2542
1552	2542
140	3935
3935	3936
3934	3935
2691	3935
3934	3936
2691	3936
140	3936
2691	3934
140	3934
254	928
1102	3004
859	1102
3731	3732
3362	3732
140	3732
2612	3732
140	3362
2568	3362
3362	3731
2612	3362
2570	2596
477	3099
3099	3100
243	3099
823	3099
935	936
83	935
97	935
165	935
1443	1519
292	4038
2679	4038
140	4038
314	4038
107	2125
2125	2190
200	2125
662	2125
308	1983
140	3646
180	3646
592	3646
593	3646
1297	4007
692	2110
2110	2953
444	3926
734	3926
273	3926
1028	3926
639	1225
1028	1225
370	1225
423	1225
3514	3671
1472	1697
215	1149
345	1149
543	757
545	757
188	757
497	757
2780	2781
1645	2780
242	2780
2780	2782
1645	2781
2781	2782
242	2781
1645	2782
242	1645
76	1646
1646	1647
680	1646
1645	1646
1645	1647
140	3876
3251	3876
3875	3876
3876	3877
140	3875
3875	3877
3251	3875
140	3877
3251	3877
413	1356
1342	1356
370	1356
1349	1356
413	1349
370	1349
1342	1349
413	1342
370	1342
1552	2763
2041	2763
53	2107
3285	3367
140	3285
3285	3289
3285	3514
147	2787
147	2790
342	2790
2015	2350
151	1352
461	3024
244	3024
659	3024
3024	3025
140	3550
3550	3551
3466	3550
3550	3552
904	2382
1569	1570
76	1570
520	1570
452	1570
136	1416
140	1416
76	1416
106	1416
1077	2631
177	178
178	232
519	1593
678	1593
444	1593
76	1593
1477	3021
528	1759
1326	1759
1759	3482
1523	1746
76	1746
537	1746
531	1746
108	1835
108	286
83	932
624	1167
576	1167
2628	3491
3226	3491
1591	1739
76	1591
1591	1740
1591	1741
76	1740
1740	1741
1739	1740
1739	1741
76	1741
76	1739
3118	3634
3118	3810
140	3810
383	3810
3634	3810
520	1688
458	3924
1443	3924
958	3924
3705	3924
1247	1443
631	747
241	3163
292	3163
2607	3163
2608	3163
1864	2517
2517	2971
1824	2517
195	2517
56	1966
823	1100
1484	1507
150	2847
528	1678
140	3408
3258	3408
3260	3408
3259	3408
1707	2111
1656	1707
443	2256
505	634
499	634
188	634
504	634
543	1394
2228	2746
1304	2746
1323	2746
1334	2746
378	2746
642	2746
286	2938
297	1145
297	2468
297	939
543	2367
1713	3054
1229	3311
791	939
213	2623
406	3149
2160	3149
241	3149
225	3149
617	1667
299	617
617	652
354	617
114	2437
2383	2437
342	2437
2436	2437
1246	1622
271	1622
736	3956
2269	3956
140	3956
2685	3956
796	1218
913	1218
426	1218
478	1218
1218	1824
510	1218
704	1218
354	3223
293	3223
3314	3315
3315	3316
3316	3570
76	1482
1482	1523
513	1482
537	1482
329	1657
329	2604
904	2816
114	2367
267	2367
342	2367
2303	2367
1100	1211
423	1100
915	1100
603	1100
1100	3187
2630	3667
3570	3667
3473	3667
140	3667
851	1851
1851	2953
416	3731
2568	3731
140	3731
2612	3731
481	627
2135	2136
200	2136
1517	2136
2134	2136
1517	2135
1517	2134
200	2135
200	2134
2134	2135
566	1991
1991	3792
551	1991
416	3206
241	3206
292	3206
1185	3206
3421	3800
3421	3528
3246	3532
383	3532
140	3532
3245	3532
593	3483
383	3483
772	3483
140	3483
2588	3572
3572	3966
2615	3572
140	3572
2588	3966
3513	3791
968	971
968	969
968	970
967	968
3195	3846
76	1511
290	1795
1789	1795
301	1795
1139	1795
290	1789
1819	3311
3137	3809
1830	1881
505	3723
568	3723
335	3723
551	3348
887	1299
360	1299
175	3020
292	3020
588	3020
241	3020
823	2083
560	2083
544	876
78	427
221	427
218	427
427	805
426	427
427	3604
427	3743
427	3742
427	2753
1395	3438
3323	3472
3471	3472
3470	3472
140	3472
3470	3471
3323	3471
140	3471
3323	3470
3729	3773
3465	3729
140	3729
3309	3729
56	1023
1023	1024
363	1023
115	1023
115	1024
56	1024
363	1024
56	363
115	363
833	1573
1337	2790
525	2790
1884	2070
2070	2954
1109	1596
511	1639
524	1639
2919	2960
1471	2919
923	1484
136	1703
478	1703
562	1703
76	1703
3195	3314
1149	2218
79	263
82	570
82	2817
1470	2817
82	2860
973	988
972	988
974	988
967	988
418	3914
1436	4025
3092	3135
1320	3092
383	3092
531	1676
1429	1676
537	1676
76	1676
1634	2987
2566	2793
93	1764
1392	3144
1392	2263
106	3464
140	3464
180	3464
340	3464
114	2263
1293	3174
56	1259
81	1259
112	1259
1139	1259
2491	2501
828	2501
1139	1772
375	455
2920	2921
73	2920
2920	2922
1477	1542
960	1542
194	1542
76	1542
492	1542
716	1542
226	2950
226	1059
2936	3162
2593	3162
338	3108
290	1783
720	3215
149	2926
2142	2926
73	2926
2029	2926
96	150
2490	2491
286	2490
1168	2490
168	2490
2651	3843
3237	3843
292	3843
551	756
973	1002
972	1002
967	1002
974	1002
1296	2977
724	3085
3065	3085
3066	3085
243	3085
237	4090
4088	4090
4089	4090
4087	4090
4088	4089
4087	4088
237	4088
4087	4089
237	4089
237	4087
581	1532
815	3791
3070	3238
3071	3238
3267	3733
3251	3733
140	3733
3733	3774
3344	3733
2719	2725
2719	2724
286	2719
378	2719
2724	2725
286	2725
378	2725
1747	4063
174	1975
416	3239
241	3239
724	3239
3238	3239
724	3238
225	3238
416	3238
241	3238
3209	3676
140	3676
1159	3676
383	3676
156	2923
75	2923
149	2923
73	2923
2708	4041
852	4041
336	4041
140	4041
1316	2515
1183	1372
1372	1373
215	1372
2088	2559
273	349
1879	2790
2790	2975
75	422
402	422
156	422
149	422
1152	3959
1026	3959
1163	3959
916	950
915	916
893	916
762	916
83	916
875	894
791	1927
354	3577
3577	3578
140	3577
3266	3577
140	3578
3266	3578
354	3578
354	3266
331	2832
331	1997
255	3221
241	3221
140	3221
225	3221
566	831
504	831
188	831
653	831
1304	2857
140	3422
140	3424
140	3421
3422	3424
3421	3422
3422	3423
3421	3424
3421	3423
3423	3424
415	905
415	1960
415	2189
1477	3046
1477	1907
267	2082
241	2658
233	2658
225	2658
398	2658
934	2961
2951	2961
872	2530
378	2530
1202	2530
172	2530
1835	1848
326	1848
488	1848
228	1848
2079	2515
2058	2515
1517	1626
136	1718
473	1718
539	1718
76	1718
3458	3460
3457	3458
140	3458
3458	3459
3457	3460
3457	3459
140	3457
391	2253
391	707
241	3229
3147	3229
353	3229
592	3229
1762	3171
1762	3318
2091	3028
1320	3882
140	3882
3767	3882
3109	3882
958	2963
481	1840
1817	1840
487	1840
326	1840
136	1840
441	1840
1213	1490
1233	1490
273	1490
263	1490
766	1186
604	1186
423	1186
915	1186
383	3782
652	3782
653	3782
140	3782
438	1231
343	3705
458	3705
458	894
534	543
715	2731
140	3432
3431	3432
3430	3432
3258	3432
140	3431
3258	3431
3430	3431
3431	3766
155	1129
140	4053
3552	4053
3466	4053
3295	4053
1139	1789
1195	1789
893	1789
301	1789
528	1151
241	3198
1198	3198
292	3198
3196	3198
92	1203
1674	2215
2263	2550
1252	2263
314	1599
155	1982
169	1982
951	1982
95	1982
572	1129
1129	1519
602	1129
1129	1205
1129	1443
423	1129
265	1129
1129	2510
675	1129
801	2215
479	2430
804	3201
2573	3201
241	3201
336	3201
1427	1691
140	3719
3719	3721
3719	3722
3719	3720
140	3722
3721	3722
3720	3722
140	3720
3720	3721
3541	3542
140	3541
3244	3541
3530	3541
140	3542
3530	3542
3309	3542
3244	3542
288	458
288	343
78	288
286	288
91	2928
391	2776
79	2419
114	2419
1834	1835
485	1573
531	1573
720	1044
864	1953
1320	2620
2630	3434
2630	3996
140	3434
140	3996
127	3996
985	3996
984	3996
3434	3996
991	3996
991	3434
3349	3434
984	3434
985	3434
991	3349
985	3349
984	3349
106	1596
1139	1596
1076	1596
876	1171
957	958
277	957
83	957
368	957
1538	3705
958	3705
441	3705
1443	3705
958	1538
989	3345
753	1198
3118	3560
3560	3561
140	3560
446	3560
286	2724
550	2267
241	3168
292	3168
443	3168
213	3168
4	49
4	74
4	910
4	50
4	878
2408	2743
1738	2669
927	4063
2141	2158
2141	2161
200	2141
2141	2157
2157	2161
2158	2161
200	2161
2157	2158
2041	2042
56	2042
113	2042
128	2042
113	2041
945	3028
3843	3844
1161	3843
3843	3845
140	3843
539	2079
1459	2079
155	2079
226	2323
3058	4062
2051	2785
939	2785
2058	2785
2079	2785
657	1376
76	1376
851	1376
727	1376
528	1376
1288	1312
165	2024
56	2024
81	2024
112	2024
127	699
2713	2730
438	4022
735	4022
140	4022
736	4022
780	1547
140	3470
140	3840
140	3977
383	3470
383	3840
383	3977
3470	3840
3840	3977
3470	3977
241	3223
1320	2745
2612	2745
2568	2745
2648	2745
3210	3225
1947	1954
386	1498
1443	1498
1308	3984
140	3984
575	3984
505	3984
339	960
140	3583
1327	3583
2630	3583
3583	3947
1327	3947
1327	2630
2630	3947
140	3947
2666	3947
2667	3947
1217	1768
1170	1763
454	1763
897	1763
2630	3423
3423	3800
3423	3528
140	3423
136	1329
234	1329
582	1329
681	1329
1108	1898
1139	1898
1238	2052
1941	3021
245	2753
1734	2501
286	2501
949	2501
458	4021
513	1523
537	1523
531	1523
76	1523
3315	3570
1459	2144
1459	2142
2142	2144
200	2142
873	2058
618	780
2550	2986
1252	2986
454	2986
308	2986
668	795
795	2056
188	795
481	795
458	795
2818	3082
851	2950
1175	1966
2295	2360
2298	2360
267	2360
114	2360
1824	3933
219	679
219	3427
679	3427
292	679
516	679
188	679
551	679
588	1531
1877	1883
1708	1877
1453	1824
1453	2593
1471	2782
155	1521
751	2800
560	2800
742	2800
543	2800
3109	3375
654	3375
383	3375
140	3375
652	3155
620	1182
1182	2144
1182	1478
277	2738
378	2738
2738	2739
2724	2738
378	2739
2724	2739
277	2739
277	2724
90	2724
378	2724
89	2724
155	2724
744	3065
823	1624
1527	1624
1097	1624
513	1624
499	763
579	763
188	763
524	763
837	2010
544	2010
837	2728
544	2728
1560	3060
1695	2656
557	1695
271	894
2503	2563
1935	3995
669	2793
1504	1555
416	1504
180	1504
255	3645
416	3645
2263	3645
140	3645
1178	2254
1783	2322
1028	2107
382	2107
644	4059
910	1086
409	1936
297	2470
297	1909
240	297
297	1094
292	1847
401	1847
1409	1824
510	1409
704	1409
292	1409
1073	1961
314	3901
3223	3901
3608	3901
3609	3901
140	3901
3223	3609
3223	3608
1330	3223
140	3223
314	3223
76	1625
537	1625
531	1625
513	1625
621	920
823	2521
454	845
1073	1089
218	2928
1135	1493
2328	2419
2323	2419
960	2419
929	2419
1389	2419
1504	2419
1248	1552
106	272
1443	3444
373	2022
375	2022
1300	2022
504	2022
375	1300
373	1300
504	1300
373	823
373	585
373	423
373	504
375	504
3777	3778
299	3777
736	3777
140	3777
2269	3777
364	3777
140	3778
3157	3778
299	3778
736	3778
688	2919
1528	2919
423	1230
1031	1230
1230	1231
708	1230
147	1586
1326	3508
1328	3508
522	958
892	3061
3061	3143
492	1571
1571	1728
136	1571
76	1571
922	2857
1028	3380
56	2040
192	2040
140	3523
335	3523
593	3523
3245	3523
1423	3370
784	1330
1914	1997
824	1914
2860	3243
196	493
2260	3933
1178	2260
524	594
530	2213
1094	1192
240	1192
1607	2430
1824	2430
2430	3161
2430	2947
443	2430
2717	3004
2082	3004
859	2717
416	932
370	932
613	932
195	932
1205	1519
602	1519
1171	2766
878	3312
318	1858
318	1860
318	1429
318	1428
55	1976
55	2047
55	156
3350	3773
79	3743
588	1468
340	3491
730	1442
3251	3756
3295	3756
140	3756
3267	3756
225	2582
416	2582
233	2582
1607	2582
292	2582
381	1253
326	1819
1819	1847
140	2691
2691	2692
416	2691
233	2691
160	1153
891	1464
891	2946
215	1764
339	2794
686	1872
228	1872
230	1872
326	1872
2781	2954
1884	2781
2750	2781
324	2781
1102	2328
2515	2969
2516	2969
343	2969
1365	2749
413	1355
413	1354
90	413
78	413
2520	2619
1323	2714
239	1792
121	1792
121	1171
3453	3546
140	3546
383	3546
3546	3952
3453	3952
3323	3453
383	3453
140	3453
255	3453
591	2818
1234	4065
76	1712
146	1712
804	1712
215	1712
413	1351
140	3543
3157	3543
2572	3543
568	3543
291	932
405	1213
878	1747
313	3959
534	851
533	534
314	4059
9	273
9	3844
9	1672
9	416
9	184
1827	2790
3302	3466
2630	3466
3261	3466
530	1442
2714	2929
647	1606
707	1606
1606	2753
443	1606
2962	2976
171	2976
319	2976
1934	2976
3258	3367
3367	3766
140	3367
3367	3514
3289	3367
3514	3766
3289	3514
3514	3811
3290	3514
140	3514
3289	3811
3290	3811
3692	3811
140	3811
556	1983
95	1983
480	1983
664	1983
519	1983
2702	4034
1313	4034
2941	2965
78	196
239	4095
2052	4095
4094	4095
939	4095
2052	4094
939	4094
239	4094
583	823
128	2860
1117	2860
1150	1202
1917	2480
1917	2730
286	1917
1202	1917
1916	1917
1917	1946
360	1917
425	1917
102	1917
138	1917
1111	3117
2296	2730
231	458
503	4027
215	1769
76	1769
804	1769
1769	1770
929	1594
416	3194
2573	3194
241	3194
315	3194
3325	4034
1314	4034
140	4034
1320	4034
496	873
1767	3786
137	195
1756	1893
1072	4079
308	1117
556	1614
76	1614
478	1614
480	1614
232	567
567	851
564	567
550	567
188	567
567	606
467	482
799	1771
799	1137
525	799
46	1759
89	1759
93	1759
1340	1759
880	948
2697	3058
586	3058
243	3058
1233	1716
1026	1716
639	1716
54	126
474	532
2058	2088
2253	3208
615	2253
2299	2310
2299	2309
600	601
1054	1237
379	3166
493	3166
455	3166
143	1243
882	1243
93	1243
582	2367
499	2367
1586	2367
340	2367
233	2633
2519	2564
1367	3844
267	2427
2424	2427
114	2427
1783	2427
1783	2424
277	2841
1178	2253
2253	3933
76	1640
473	1427
319	3386
423	1237
893	1237
1237	2529
915	1237
1153	1237
1588	2757
286	1713
286	2782
2671	2672
233	2672
2672	2674
2672	2673
2673	2674
2671	2673
225	2673
233	2673
233	2674
2671	2674
225	2674
839	3044
1670	2655
225	1670
1216	4086
448	4086
76	1655
1443	1655
1297	1655
1655	2511
1442	1655
1409	3776
454	3100
1395	3100
516	2040
595	2040
232	2040
2817	2860
523	2860
146	2860
342	2860
1202	2860
195	2860
308	2860
380	2860
134	2860
146	2817
523	2817
244	747
2328	2911
286	4076
1094	2470
1909	2470
240	2470
1927	2470
1817	2470
2084	2470
913	2470
596	2470
377	880
618	1817
618	1139
481	618
441	618
188	618
516	618
370	3173
78	324
1243	1939
240	1243
1243	1756
1243	1899
1243	1914
708	1231
1031	1231
1216	3208
416	3156
928	1889
1889	1939
13	128
243	3074
526	3074
3209	3699
575	3699
600	1090
1203	1459
1054	1459
458	3102
349	1559
801	3215
1388	1756
385	2711
1762	3035
315	1762
977	3625
459	1877
1122	2261
1083	2261
83	950
762	950
1603	2303
1138	1603
2947	4057
712	3187
574	3187
574	603
3263	3323
2637	3323
396	2718
396	1507
396	2715
396	726
145	396
80	1626
119	1626
76	1626
193	1626
764	1626
1028	1747
756	1409
1409	1419
456	1409
136	1409
667	1409
76	1409
893	1131
859	2495
901	904
920	1926
2501	3508
2501	2630
2630	3508
1069	2744
1547	2931
343	2701
1813	2651
136	1613
474	694
887	2759
56	1975
543	1695
187	2856
187	758
588	3621
566	3621
479	1203
480	1203
241	3199
1018	3199
140	3199
225	3199
1884	1929
566	2062
487	1975