56	614
5	56
76	1666
56	1466
78	364
76	1299
74	1619
73	443
73	936
140	3293
73	140
140	3669
140	1466
140	3987
140	3509
140	3879
241	467
241	3190
136	4042
165	1767
140	3592
140	1569
56	166
76	1645
140	3917
140	3708
140	3656
140	3834
140	3675
140	3562
140	4043
444	3926
76	254
140	3232
140	3700
140	3753
140	2589
46	81
166	458
140	3919
81	1767
76	81
140	3871
140	3785
140	3301
54	168
140	3496
140	3628
140	3662
140	3539
46	102
416	2900
136	1311
416	3203
241	3203
243	436
140	3837
140	4044
140	3388
140	4005
140	3602
5	106
140	3291
140	1666
140	3612
140	3730
140	3932
106	3464
140	3938
140	3866
140	3926
140	3595
140	3931
46	588
140	3637
54	146
54	140
79	685
423	1149
56	2045
241	3193
164	436
140	3830
136	1619
74	174
76	1609
370	3786
140	3874
140	4017
56	455
233	2688
27	353
76	1641
681	1185
165	1316
140	3804
140	3984
76	1540
76	1673
140	3873
140	3515
165	3311
140	1643
140	3537
470	726
76	1418
233	2690
140	3912
140	3642
140	3997
76	836
56	174
151	416
76	1446
383	3565
241	3170
140	3829
78	166
140	3985
78	468
76	1619
140	3960
140	3504
255	3262
140	3262
140	3956
136	1747
140	3615
140	3964
78	411
140	3684
347	436
151	3174
140	3630
140	3734
74	282
76	1705
78	455
140	3722
140	3840
140	3978
76	1411
140	3545
140	3833
76	1581
78	367
140	3370
140	3362
140	3458
56	1983
140	3513
140	3627
27	102
74	102
353	3848
140	3911
76	1530
241	3204
76	1595
76	1462
140	3672
140	3855
140	3250
76	1684
340	586
127	3657
74	164
74	180
175	3489
175	2633
76	1703
140	3265
136	1299
78	346
76	806
383	796
370	3981
76	1432
74	165
140	3210
78	424
127	925
140	3546
74	233
140	3747
140	4058
140	2520
140	151
76	1693
78	174
228	2608
140	3701
78	253
106	3308
140	3217
353	3185
74	383
229	3594
140	3652
78	337
168	2501
734	3849
46	56
140	3941
140	3838
136	468
140	3721
140	4003
520	3443
76	1576
102	241
393	425
79	425
79	243
165	425
140	4041
292	3869
652	3782
165	458
165	168
76	1503
78	397
140	3606
27	443
76	1759
76	1709
140	3278
76	1500
78	209
140	3732
140	3824
146	3114
140	3981
416	2691
76	1444
140	3467
416	782
140	3820
140	3895
76	1630
76	1358
234	542
78	387
140	3373
56	1952
228	383
228	2606
140	3887
78	376
140	4028
72	81
79	292
78	327
78	165
383	2653
652	2653
241	3200
102	233
140	3806
140	3300
78	229
78	200
5	478
5	188
76	1715
180	345
56	1975
140	4038
140	1231
140	3967
76	1402
140	3957
140	3663
76	1769
140	3636
347	353
140	3996
140	3454
140	3391
140	3618
180	1504
136	1403
180	3464
136	2708
140	3979
140	3945
140	3944
140	3896
140	4011
140	3975
140	3893
140	3626
140	3419
416	3156
566	1307
225	1115
241	3122
200	241
140	3276
265	2668
76	1510
76	1659
140	3126
383	2685
140	3162
76	1570
140	2636
200	292
76	1509
255	340
76	1626
76	1460
140	3555
46	3844
174	234
140	4042
383	4042
114	2263
400	3443
140	3445
140	168
383	3345
76	1497
74	1176
74	243
233	939
652	1584
106	2922
78	410
27	133
78	262
340	2656
76	1437
76	1755
78	352
140	3457
78	201
107	364
140	3799
383	3810
383	3969
76	1706
531	565
46	370
140	4049
140	4008
76	1751
140	3543
140	3788
925	2669
140	3527
78	381
74	81
56	1995
140	3360
140	3724
78	432
140	3638
78	283
27	2753
140	3908
76	1575
78	231
166	925
140	3363
76	1748
140	3563
78	282
195	3683
76	166
140	4013
78	284
78	443
78	393
78	127
106	1998
83	192
56	1988
140	3551
383	3483
140	3451
74	214
416	3933
174	561
76	561
174	525
416	3132
140	3868
140	3707
416	2867
56	2037
140	974
127	313
76	1468
76	1378
78	434
458	739
174	652
76	1605
106	1695
140	3254
140	3862
520	3177
140	3452
136	1571
140	3875
78	389
140	3763
76	1633
140	3813
140	3525
140	3573
76	1370
27	72
140	3158
458	4021
652	3818
652	3817
56	228
140	3969
78	125
140	3713
140	3933
140	467
140	3620
652	2689
140	3705
76	1416
74	293
74	3768
265	1373
140	3556
76	740
76	1599
243	1115
367	2572
175	669
188	726
346	383
140	346
74	140
27	887
241	3118
44	56
340	3107
345	1289
267	353
106	548
76	296
87	192
340	425
76	1631
56	1535
164	638
78	272
76	1688
345	2619
345	557
192	2656
140	3583
652	3816
140	3560
76	1423
140	3248
255	3355
140	3579
140	3269
78	182
140	687
76	1523
76	1482
140	4014
188	511
175	693
76	1412
140	2590
136	3394
140	3870
416	1504
76	1718
175	3439
478	3497
241	2607
76	1399
106	592
140	4007
140	3252
175	1674
140	3384
140	3397
140	3375
1055	1071
458	3102
76	440
106	1472
78	220
140	3648
56	2013
78	383
76	1614
140	4026
5	213
5	566
444	3682
444	3791
140	3575
140	3780
76	1778
140	3876
127	699
140	3591
106	331
78	214
140	3416
140	546
458	1710
188	650
76	1760
241	3115
140	2709
76	1627
188	514
140	3553
76	1624
140	3902
360	2391
78	196
140	3274
140	3067
140	3817
446	3118
106	1300
106	1317
78	422
56	125
76	1381
140	4010
140	3787
76	1681
78	427
188	617
46	114
76	1671
78	445
140	3279
566	3240
164	734
140	3243
588	3157
241	3167
458	1115
192	2671
78	190
56	1943
127	493
140	3904
140	3132
140	3165
175	2632
164	175
140	3929
81	515
444	3151
93	2642
76	1591
188	654
140	4015
78	309
140	3297
140	3740
56	1980
78	198
140	3456
56	2023
140	3673
652	3389
165	1775
566	2692
140	3536
106	3230
225	364
140	2659
255	3381
140	3828
520	3394
78	256
255	3512
140	3835
146	531
373	423
76	1456
78	247
136	1316
106	1650
106	727
241	2689
140	531
76	1535
241	3220
416	3220
228	652
127	730
135	136
140	4052
292	3863
140	2701
27	478
136	1595
588	1606
565	796
243	3077
1312	3237
76	1610
281	3955
140	3955
106	2592
140	3972
136	784
76	784
416	932
141	370
78	281
140	3385
144	180
76	1491
140	3203
140	3790
383	590
127	594
140	2685
234	595
140	595
140	3185
174	241
78	233
136	1678
140	3921
140	3449
140	3703
140	3737
140	3741
140	3816
76	1463
175	1847
140	3661
140	3719
76	1488
76	1431
140	3779
76	1583
127	1090
416	3206
292	1645
127	180
56	127
370	3173
241	3020
76	1391
469	520
353	749
140	3330
315	458
140	345
140	1071
140	782
76	1467
76	622
188	855
140	3801
458	3924
81	549
136	1301
458	669
78	446
78	234
78	314
78	299
78	398
78	243
78	355
78	313
78	444
78	192
78	140
458	1082
383	3782
141	423
165	540
175	644
794	1478
76	1415
76	1526
562	1303
347	2501
336	3990
383	3166
76	459
165	1076
75	3497
146	1392
136	1484
175	1863
56	1956
56	1077
76	1555
76	1567
734	3494
772	3348
106	291
416	3134
106	2433
652	672
102	244
56	1970
5	823
136	180
175	1316
18	416
520	1720
292	2618
526	3844
188	455
383	3470
146	1770
416	3264
241	3228
255	3221
56	1979
519	2610
76	1498
76	1361
76	1369
56	175
56	1298
56	344
56	1392
56	192
364	652
102	164
188	773
188	774
652	3147
27	3237
27	416
416	3844
76	1436
652	2626
186	254
292	3264
140	3259
1308	2391
140	3398
416	1393
241	726
76	778
76	1531
127	519
180	2261
106	2261
140	3797
140	3659
106	1730
140	3455
76	1669
76	733
140	3692
140	3378
140	3963
292	3020
140	3746
140	3468
416	665
241	3222
151	1305
188	605
336	443
140	3839
27	140
76	1363
141	353
140	3478
140	542
140	3571
652	2687
241	2710
180	213
255	2710
647	3128
56	293
56	140
76	1664
106	2640
499	3604
76	1776
76	1616
586	925
225	925
925	2650
423	925
243	340
416	3187
292	1409
383	1301
370	2831
180	3687
458	501
241	2677
76	483
79	241
165	241
165	2263
111	2856
3237	3859
5	75
592	3151
478	2178
106	446
165	446
165	225
127	386
76	305
164	423
164	852
46	851
383	3156
106	1725
438	473
423	1085
97	572
229	230
383	3977
568	3348
229	675
140	2031
76	1547
165	340
88	436
76	1537
642	645
166	174
458	1995
588	612
188	671
229	478
136	1551
336	3994
76	1376
423	1201
106	2753
106	127
175	2368
281	1317
188	739
383	3139
180	2598
511	588
188	690
794	3600
140	3600
289	458
188	567
354	1478
255	1301
385	566
195	3617
144	586
188	806
367	2276
127	3943
458	1152
165	367
165	243
241	3040
76	1553
400	852
225	3374
175	3374
106	3237
734	1176
575	642
76	833
88	1458
46	82
127	1705
292	3131
140	3497
416	489
234	340
400	1632
136	1289
175	764
528	2234
79	436
444	1738
140	3424
140	3529
416	3224
136	1620
225	360
151	2753
140	165
140	936
76	1589
265	301
416	1747
423	1185
225	1265
458	1554
367	1619
192	2040
416	726
726	797
593	3285
76	1539
79	398
106	398
79	3216
265	3394
423	1136
136	1508
676	3342
370	3380
76	1494
76	1493
76	1495
76	1774
360	1320
566	3098
180	340
292	2665
140	3718
416	2574
140	4033
140	3329
140	3361
76	1679
416	2708
188	801
127	3107
443	3107
213	228
140	3077
140	3582
127	2630
127	3412
127	995
76	1421
5	93
364	645
1028	3200
136	1434
292	2994
76	1099
340	901
367	586
136	220
81	140
336	1115
76	1676
416	3173
76	1380
136	3443
383	1103
340	499
340	446
2577	3050
76	1600
102	106
102	180
76	102
370	638
370	469
370	1177
93	2045
499	3990
355	3922
175	1854
652	3922
416	2606
140	1317
383	3676
353	2634
76	1729
140	3781
180	3988
140	174
642	984
140	3299
76	1451
140	3900
76	1707
140	3533
652	792
255	436
140	340
140	3464
76	693
241	3189
734	2837
566	1293
245	2753
76	643
76	743
136	254
140	3413
586	3604
458	2142
586	3199
140	3199
166	186
225	3155
225	2667
425	1307
772	3930
243	2279
423	1135
423	1055
76	1508
146	3115
46	1139
312	1103
301	3161
192	455
234	455
188	557
588	2700
136	2648
175	1585
206	241
140	3460
353	1136
76	1136
136	1394
76	1394
76	1393
140	1759
146	2615
416	3517
175	2617
425	2640
140	3410
575	3791
106	515
136	1176
370	1952
76	1598
299	555
140	3578
76	1658
652	3342
136	746
188	733
416	3324
416	2607
383	3118
140	3697
140	3849
188	637
653	845
845	1478
140	3965
575	2391
140	3888
76	1501
425	2272
588	2680
241	1250
76	1651
520	1606
458	3846
233	367
292	3390
232	3971
76	1725
76	1532
127	425
140	3541
438	4022
76	1762
188	827
127	1000
175	818
265	3848
86	192
255	3404
175	3404
3222	3237
175	455
367	1667
76	1620
734	3052
72	2278
794	2278
140	3589
140	3677
79	200
76	1339
111	586
292	3767
470	718
188	718
140	4002
140	4016
140	3823
136	1381
106	198
520	825
76	1764
76	1183
76	1569
140	3489
225	498
225	2686
255	423
497	2263
106	512
106	292
292	1643
106	234
106	586
106	315
286	470
458	1246
188	748
566	3918
566	3859
416	3809
76	1668
140	3858
225	939
136	1555
106	383
215	1373
140	3995
76	1632
140	631
140	3442
80	166
416	2645
444	3844
106	2573
140	3890
140	3667
76	1746
136	2782
140	3755
76	1577
241	3235
140	3098
469	2279
140	3234
111	473
241	3144
370	443
443	519
146	1734
241	3238
76	1763
188	757
140	3715
140	3711
140	3406
265	314
499	2367
146	234
652	3062
76	1730
446	3237
446	2215
241	3231
458	2753
241	3140
925	2064
566	647
164	1871
478	612
536	565
106	180
106	2263
140	3145
438	3789
205	241
106	299
458	1092
75	347
140	3647
127	2010
444	1535
140	3586
561	575
652	1747
175	568
140	3861
76	1514
9	416
419	734
188	713
76	1644
76	1409
188	685
565	3776
76	749
76	1442
487	772
416	1000
423	1062
367	443
233	2581
723	726
681	1303
1298	3237
175	1298
140	737
353	3236
353	3845
5	1672
5	416
5	3334
140	3678
136	1318
140	3392
76	1484
241	2617
241	2698
416	2622
292	2607
455	1245
469	575
154	3215
140	675
146	406
140	2665
234	1018
653	1115
144	520
264	563
106	563
383	501
383	3770
423	1039
89	3075
511	520
367	588
140	3990
140	801
140	3782
76	1770
114	175
140	3341
353	1649
416	1647
140	3811
140	3540
520	1649
146	1491
136	1491
127	2385
140	3894
140	3473
140	3593
146	643
140	3508
140	3693
140	3581
76	1543
225	2567
76	1594
255	391
458	2058
353	3836
188	831
353	3314
184	2501
652	4030
383	4030
312	519
140	3749
136	1772
562	1665
265	322
292	306
593	3414
76	1379
54	166
84	265
416	4057
76	1441
423	1129
140	3651
241	3241
241	2692
203	444
53	645
107	1055
80	1055
140	3548
299	3139
180	1935
565	3549
140	3754
140	3844
370	1838
241	3085
101	192
438	3475
76	1502
200	255
106	1297
652	2018
416	3120
140	4048
140	4047
377	425
140	3653
136	1363
147	1606
667	3237
76	1585
140	3687
147	1185
147	313
188	483
241	3227
140	3928
140	3365
155	2577
155	1176
477	3174
240	292
106	673
95	852
188	503
925	1474
370	1809
76	1608
360	450
188	814
458	894
76	1515
127	3031
127	845
140	3387
549	792
458	938
76	1732
416	464
391	694
335	1198
127	2471
140	3925
76	1433
292	838
225	322
241	535
416	3438
140	3635
353	3229
136	1106
140	3610
639	2160
443	505
458	2013
72	1910
140	3856
140	3605
205	336
140	3423
140	3528
652	2647
188	697
383	3369
140	3959
370	3669
140	3645
111	764
353	1249
140	3177
76	756
370	2648
140	3307
241	853
106	241
241	1612
76	1382
140	1299
566	1439
652	783
76	180
353	691
140	3561
367	512
86	127
378	642
228	423
76	1739
76	1420
188	789
140	3852
102	1559
336	3201
144	424
144	355
140	144
243	726
76	317
76	1422
186	455
241	2391
140	3772
391	3169
140	3491
76	1413
136	4017
127	984
455	458
455	499
416	774
46	1672
140	3286
188	746
652	723
192	388
617	652
383	3907
215	1149
76	685
106	1094
586	587
136	561
652	781
652	3308
140	2045
566	3407
88	3914
136	1449
140	3118
147	241
335	3842
140	3342
74	299
292	511
188	647
140	3622
652	3202
416	3202
383	2274
772	3483
612	2651
140	3411
233	2582
136	1364
76	1590
469	1935
90	3848
188	736
458	1734
140	3381
76	825
499	3994
140	3498
76	1623
136	2077
76	120
354	370
136	2433
188	627
136	1767
566	829
200	239
76	1607
1076	2686
353	3172
225	2704
416	3512
1076	3325
140	4040
229	581
140	166
140	2234
652	3981
383	3842
336	3842
614	1253
279	458
228	241
228	416
1103	3121
734	1981
353	1159
146	3237
136	1775
234	643
136	643
136	750
192	652
292	925
292	2912
526	2912
188	793
575	2653
520	1611
520	1473
146	3402
424	639
520	2294
188	747
140	3770
140	3815
416	3744
76	1649
69	140
69	588
241	3168
140	3280
225	3669
76	1465
470	2144
140	3289
458	2499
416	3155
188	590
140	364
72	3139
225	1395
423	1232
423	1161
127	1139
215	590
140	3865
188	669
353	590
140	3396
140	3903
335	949
140	3951
78	213
78	391
74	320
46	140
184	367
186	367
233	2653
188	607
652	3827
383	3827
652	3964
458	1385
438	3976
241	3135
796	3075
347	426
9	2630
88	588
370	2790
243	308
292	1524
76	436
188	854
265	354
478	1596
76	1538
232	446
225	2634
232	3792
76	1373
76	1602
458	2571
140	636
140	3514
140	3285
416	3126
78	225
78	469
78	406
370	1529
136	1998
458	1510
566	1833
525	2272
136	657
76	1734
76	1735
151	2615
140	3621
140	3247
140	3535
443	3981
292	3427
478	749
93	1705
54	76
519	797
136	287
416	3129
102	370
355	796
462	565
233	2710
140	2710
367	691
458	1498
219	353
1076	1478
140	1478
140	836
106	1786
292	3444
383	4057
78	203
111	425
127	155
391	588
53	281
423	1123
292	2602
416	3565
416	3216
416	2637
416	2690
127	416
416	2760
226	423
217	652
424	734
146	2619
146	1310
140	3402
140	3624
175	1161
519	652
470	762
425	1320
425	2628
353	3842
423	1098
172	925
151	734
454	845
520	724
118	192
331	458
336	1619
106	950
566	3157
292	393
383	4031
136	800
140	3973
370	665
478	2435
140	3327
499	3325
241	1120
586	1164
140	3991
136	1303
164	353
192	1338
192	592
575	654
438	3446
244	726
423	1176
416	1253
140	3180
370	2263
241	1298
511	575
172	347
423	1041
140	3554
78	353
78	438
241	3201
76	1636
241	2912
458	2529
499	642
136	1612
416	2278
146	355
106	470
423	1034
612	734
444	612
136	612
557	645
416	555
140	3472
383	2618
140	3332
140	3596
140	3281
140	3714
140	3400
74	311
136	1707
292	3606
281	301
140	3863
229	477
74	432
195	503
106	1421
566	3652
233	345
140	3403
563	3246
796	1704
73	925
146	842
76	1360
335	3166
335	4020
140	3994
140	3494
140	3322
136	1382
78	263
563	681
233	2618
140	2688
520	1511
140	2279
127	1643
566	3245
1078	1198
241	2078
140	501
140	4031
588	3039
243	1910
234	527
78	335
78	175
78	111
383	1085
336	1085
652	1085
1672	3970
140	1645
346	734
575	1305
416	1094
136	1325
146	1395
146	572
74	415
241	3223
140	3425
292	3172
241	3191
106	233
146	1667
140	839
136	1335
234	1338
136	221
588	2268
520	3933
652	1438
380	652
234	1311
140	1311
76	1366
76	1383
79	265
734	2524
136	877
370	3785
76	1450
140	400
140	676
74	259
76	1712
423	1182
136	2596
188	561
292	3219
188	725
255	2626
383	2626
1298	1935
136	1298
416	3918
443	1028
255	3988
586	3988
458	1472
370	1151
520	1560
292	650
734	907
734	3139
102	425
140	423
106	140
387	478
1115	2635
461	845
612	1297
72	2144
76	1750
255	2278
72	2775
367	1245
367	1169
188	749
499	1202
499	2559
499	2558
76	1603
76	1053
416	3444
299	3777
292	811
526	822
549	726
78	347
734	931
367	519
367	370
519	562
72	562
566	797
470	612
734	2622
292	3210
241	3188
458	772
1159	2666
80	3762
444	1649
136	249
520	4057
314	3607
416	3107
111	319
319	563
74	267
74	566
444	3318
213	1667
383	3568
383	2637
383	1555
652	1783
586	948
76	772
76	568
233	2607
581	796
140	796
1320	3696
188	699
80	355
532	734
188	541
265	3086
1028	3314
188	657
383	3696
520	1298
229	520
134	229
83	229
76	165
136	1665
213	1076
405	520
72	3598
76	1593
525	3566
416	2667
526	2056
175	1313
255	3123
225	3123
383	3123
354	3123
1139	2706
292	1704
76	1469
918	3174
188	847
76	1551
102	1535
638	1176
243	3069
416	3200
75	2092
794	3599
76	1775
370	3316
79	378
136	594
354	653
653	3215
593	3607
93	2454
234	613
586	3220
1115	1458
1115	1528
140	3461
76	1335
76	1318
76	614
353	425
188	425
188	229
241	845
76	1405
102	939
228	638
146	228
228	1602
140	228
526	1307
300	925
76	1078
233	2683
255	2683
615	2577
127	1056
5	86
76	1667
398	520
175	3110
588	661
1305	2572
292	1305
383	2661
475	1330
76	1694
458	3158
188	474
146	1369
444	534
652	2609
146	418
151	1334
76	1557
175	495
353	367
255	367
681	1326
76	1574
265	355
652	3196
292	455
416	778
136	1548
76	355
562	1668
281	1668
370	2934
76	1374
437	458
499	2228
136	1468
444	907
444	1159
662	1055
241	1768
241	3075
136	1339
458	2056
653	672
652	2581
140	2691
188	233
76	1386
76	1298
458	2576
155	344
291	370
243	519
140	3447
76	457
234	1315
76	680
102	127
127	2261
102	140
192	903
76	1490
78	164
416	3842
76	1753
845	1176
1416	2215
136	443
136	3776
76	1325
314	1765
192	3971
140	3971
652	2631
76	1533
292	2965
370	3065
313	3115
652	948
147	652
147	416
416	3981
241	3076
140	3115
107	444
74	241
88	241
586	1367
76	721
151	723
78	146
76	206
383	984
383	3773
299	3914
584	586
584	2160
336	1177
301	652
56	652
76	1717
780	3215
217	458
175	2749
76	1550
136	749
592	3176
76	612
370	3632
76	1568
72	2428
136	793
136	3057
2697	3325
76	696
353	2630
188	794
446	3135
292	3135
240	549
240	797
566	778
588	778
588	1531
76	1733
140	3641
186	937
173	292
215	1537
136	1762
136	548
336	1528
140	3619
188	844
136	380
613	932
53	127
127	2092
175	1692
175	2606
155	3915
140	3717
175	231
231	458
175	1602
342	667
136	2264
301	315
136	355
136	1185
136	907
136	2577
136	1524
76	1524
336	3161
446	2567
383	3268
383	1018
342	401
140	3609
79	180
79	168
79	164
140	3664
177	398
416	3158
1139	1308
136	1105
499	764
526	638
458	2619
140	458
2651	3236
136	1406
175	1354
225	1301
586	3135
78	377
416	650
5	734
653	2679
76	753
111	946
345	2734
76	1683
76	1767
76	229
76	1639
111	114
566	622
470	622
192	336
192	469
520	2942
300	1507
558	1393
335	3386
76	1587
343	2567
593	3193
76	425
76	140
588	2966
188	693
734	3086
454	887
723	887
243	3051
188	701
151	2630
443	3776
195	1806
566	1964
78	349
2572	3166
2631	3394
517	1103
175	2705
175	2574
136	898
136	1365
416	3643
360	3050
570	588
526	3791
241	2818
446	1289
300	1648
525	2699
292	307
416	792
273	1597
1076	3240
504	1076
734	1606
565	1761
478	1764
241	3240
316	1411
114	589
243	3086
241	691
241	3127
681	1297
588	681
301	3308
315	343
504	774
299	3075
147	299
255	3075
127	3048
127	2619
127	549
446	2602
647	3792
301	354
301	3215
652	1393
652	2278
353	3791
734	3079
383	4056
592	3518
241	2602
593	2602
416	2602
943	3237
192	335
127	3127
164	438
383	2078
243	520
292	3776
504	1177
504	3121
461	723
241	3175
241	3176
499	1115
232	1115
516	1115
499	1367
292	2565
370	1362
136	2294
343	653
343	772
700	772
234	1313
234	1314
383	3167
72	812
336	532
188	778
140	774
261	446
232	2745
562	645
188	645
525	3122
241	2565
1077	2631
549	2631
449	1555
562	878
146	736
292	681
234	681
234	1329
516	3348
292	3220
265	1129
136	1483
188	221
78	188
1421	3237
241	254
2686	3108
566	2686
195	1414
444	3604
127	1588
265	922
165	265
74	192
592	1727
136	137
383	2671
147	255
127	2608
136	1458
416	925
416	570
925	1315
525	736
83	347
265	313
265	293
370	1185
478	3235
175	1018
177	723
314	3767
292	3599
370	3108
1055	2667
2010	3050
265	367
367	813
354	470
229	470
470	562
140	470
186	229
562	593
312	3727
312	2569
525	773
353	443
353	2256
136	341
114	279
225	3683
444	1176
370	1351
444	1126
662	870
114	662
146	893
300	3776
241	1055
241	626
353	1055
241	1935
234	1305
265	708
265	709
265	335
265	2610
265	852
140	265
140	360
140	370
425	495
74	962
79	264
164	2267
383	3323
136	3513
233	2684
3147	3237
292	2566
504	584
186	1391
681	723
127	1193
241	3039
241	3184
416	3238
593	3463
225	2582
442	4027
386	659
243	3065
353	555
292	555
367	598
192	326
292	3218
2630	3372
592	1103
241	3226
565	596
734	1177
241	3112
416	749
175	206
136	1608
448	3104
1198	3427
588	3427
530	3728
530	2637
186	1663
136	281
195	3821
416	3315
478	3151
416	3490
353	1238
326	723
136	154
444	622
734	2652
353	455
353	2648
1139	1772
416	3475
652	3640
444	1351
353	2215
353	2213
797	3240
575	890
726	2276
127	241
136	1711
180	1307
195	2686
164	446
164	383
505	3768
123	1028
2630	3255
734	1159
686	1159
79	3669
78	336
136	536
299	542
188	598
565	586
118	344
416	2680
383	2680
136	1333
136	2229
136	229
229	417
146	1177
499	3776
195	1115
353	3072
565	3848
213	2575
72	1094
136	1738
476	1028
225	3517
292	1847
234	1139
2568	3448
229	446
446	562
562	1326
446	520
383	1164
572	1555
549	572
519	647
383	2566
652	2566
586	2566
575	2566
720	3215
335	3616
353	398
398	3161
3325	3842
146	920
292	685
575	2618
93	3012
243	1338
367	2650
582	2650
136	192
136	140
140	300
140	672
2572	2607
383	2607
588	1595
575	3892
586	3078
42	93
511	613
586	3354
2630	2655
354	3268
735	3246
2660	3246
586	3084
416	3084
225	280
241	280
241	1989
243	3103
1177	3128
95	2669
652	3129
645	1667
734	2839
233	1607
441	3482
200	406
566	3218
438	3412
736	3246
241	3216
292	858
177	565
367	3133
5	919
383	3417
625	3161
299	3167
652	1606
292	3475
314	3599
562	824
225	3222
188	750
345	416
88	416
498	1103
241	3218
464	1458
164	313
164	593
164	315
164	241
140	164
446	2569
3050	4025
504	3215
504	3827
504	2818
140	519
438	2655
499	824
186	438
233	2602
520	3145
233	2565
526	2565
312	645
335	3308
383	3634
588	622
386	2753
1330	3236
478	1362
1137	3325
815	3325
82	2092
83	175
215	558
241	1094
138	614
446	1313
1308	1507
652	2160
416	3235
233	2679
528	1074
520	3981
308	3981
446	1034
677	4023
165	652
3237	3325
225	499
225	1315
146	546
188	741
335	355
355	1103
416	3152
592	3152
292	2680
586	2565
147	1667
1307	2572
292	3748
127	652
416	3131
1050	2603
175	2603
461	734
243	461
734	3015
243	3015
188	251
188	828
273	349
1602	3549
444	2610
572	3169
2630	3415
146	3245
385	588
520	3200
292	3200
566	3107
1314	1315
367	3443
140	367
2630	3412
345	1555
1559	3518
383	1298
469	3031
241	3207
233	2695
255	3568
78	330
80	3215
575	1076
653	3174
241	3174
225	2650
289	425
239	644
652	3518
195	1510
188	597
56	415
355	469
469	652
243	469
469	2160
314	469
225	469
225	3128
175	469
504	2160
255	504
243	681
652	681
652	1291
681	2601
175	681
175	281
925	1481
175	1481
192	292
444	3792
455	1458
404	1458
241	2578
383	3220
478	1588
425	3386
355	1187
3237	3845
383	3702
2218	3075
140	3075
140	469
140	681
416	3380
481	558
526	2272
520	749
568	3121
568	3147
391	851
1458	2604
78	121
588	890
383	3816
383	3818
383	3817
78	338
477	726
1507	3981
383	3453
168	180
168	241
241	2507
416	1107
188	845
56	1555
56	146
56	180
353	600
353	601
188	832
416	1188
416	2740
140	890
292	2501
127	3230
416	3617
292	1971
473	1619
83	925
215	2669
175	205
175	1592
802	1592
441	4027
234	280
353	2615
225	2682
140	887
652	3245
446	549
398	446
188	549
188	642
175	1665
416	1665
72	284
175	1479
823	3914
520	2951
175	2684
292	3949
221	647
563	645
446	645
446	528
195	446
188	446
335	3128
463	592
292	4038
240	652
652	1192
409	652
652	1899
652	1833
188	335
188	775
653	802
455	802
1055	2591
416	2591
416	2566
584	1320
78	293
78	354
355	861
592	3767
1176	3767
336	1176
592	1672
188	299
188	852
140	188
107	3726
213	2623
416	3136
585	2579
444	2579
526	2602
499	776
244	264
638	1653
443	1259
593	3356
566	1883
27	734
233	2597
134	3151
355	3084
82	1962
572	691
2656	3045
241	3236
155	2928
232	407
520	524
562	1491
127	243
652	2818
195	1910
588	1663
1076	1161
292	3843
292	3845
175	917
241	425
241	3182
78	241
73	1140
175	2587
175	2677
416	1738
315	1166
233	1643
2640	3237
772	3999
608	1185
667	734
95	2567
1018	1245
1018	2577
416	1018
244	520
504	3768
353	842
575	3984
74	927
568	739
556	3151
1031	1176
345	446
345	1312
186	1692
581	708
478	706
572	652
556	652
416	2588
292	3792
292	2856
175	2949
355	1049
391	444
391	734
140	562
525	1161
175	3020
416	1157
234	517
762	804
526	3074
563	3114
586	2571
326	1874
613	2632
520	2632
499	3245
74	429
140	723
140	1164
172	348
416	3194
93	536
586	2667
694	3821
74	1185
446	568
72	3235
505	2700
566	3451
3133	3308
526	3308
416	3308
292	1990
336	1507
444	2650
520	525
233	455
314	4057
1472	4027
670	915
478	4059
82	2606
175	438
175	2630
416	3212
520	3881
107	734
383	3486
383	3485
383	2693
652	3842
353	1126
240	243
378	2731
504	3404
336	347
347	734
146	347
146	1602
802	1602
499	828
195	2385
1076	2670
520	830
205	878
416	531
652	3160
234	424
241	424
566	691
566	3437
146	342
585	586
383	2643
72	335
252	1137
520	1426
659	3050
1055	1330
143	1034
446	584
281	446
281	1301
281	591
425	1301
425	446
192	446
446	1767
140	584
140	1298
215	1712
340	416
141	581
331	802
93	331
652	1734
420	925
948	1365
312	3246
592	3246
416	3246
312	3151
336	739
478	1742
446	772
140	520
2476	3237
647	3121
378	2726
192	2583
565	4020
2430	3161
195	2928
225	2573
398	1935
984	1334
241	3114
416	769
416	1470
88	243
443	1443
383	2578
308	2398
314	734
499	749
615	1176
478	1584
45	93
127	355
127	3016
456	3776
72	2566
652	3954
487	499
83	932
878	1104
586	2272
416	2272
383	3158
383	622
353	622
586	622
243	622
168	255
255	1094
168	416
1320	3357
215	2919
613	2651
88	180
180	1139
3104	3237
485	3237
563	1373
78	399
383	1678
192	1821
773	3123
186	1666
3438	3906
215	921
56	2028
243	3045
78	315
225	2671
243	3062
535	581
281	425
114	192
2323	3848
588	1578
2631	2705
86	2900
195	2554
726	734
155	2011
575	1103
452	1103
140	1103
56	2038
78	180
78	255
525	784
335	372
588	671
83	331
588	2288
639	3846
734	3846
398	1179
1253	3237
734	948
292	3216
292	2637
140	685
549	3095
2686	3045
385	804
925	1475
292	2273
441	526
233	2709
95	3147
444	1160
74	2142
74	3036
614	802
398	614
592	1602
481	504
292	730
1341	3161
504	581
72	1461
444	782
195	2517
563	700
526	2667
586	1154
171	291
241	1307
802	948
1139	1704
734	4079
353	2931
353	1547
79	1074
852	2708
232	233
441	443
639	2529
72	1599
438	444
438	478
56	2018
734	1288
234	593
234	1326
140	1326
234	592
652	735
734	3161
446	1340
549	3899
652	2601
804	2601
416	572
416	1910
165	416
878	3312
446	591
2577	3152
292	3152
2572	2693
425	1314
114	1535
613	812
575	812
73	2922
93	2654
267	2603
267	558
1055	1672
526	563
97	949
652	1515
499	1515
613	1672
83	349
233	425
425	1330
140	425
593	3128
299	2708
89	925
88	797
127	1355
133	1373
565	4021
292	3791
243	576
645	1176
563	2705
292	758
299	3129
241	633
802	2619
802	1185
829	1667
74	380
473	610
653	3325
549	2652
398	1672
113	441
504	563
925	948
823	948
335	3288
336	2630
281	2572
281	563
281	2608
56	2026
56	1966
56	2011
344	639
1028	3399
823	3399
225	624
213	355
213	308
3161	3264
213	3348
232	347
353	1235
652	2675
383	2631
1316	2631
140	281
72	2567
213	586
213	2656
499	701
499	702
969	2615
2626	3386
391	554
2692	3121
243	2675
241	3233
292	3196
907	2963
292	1538
225	2632
586	2632
383	3325
383	3379
97	140
243	3058
734	1246
233	1076
56	2000
517	1159
292	726
794	3427
292	557
852	2583
652	3915
772	1831
241	462
734	776
416	642
292	705
229	635
575	3209
581	1870
91	892
147	1586
111	499
111	1586
111	653
175	653
241	653
175	3899
172	1487
398	2267
523	568
478	568
1018	2583
241	1018
1330	3223
241	3147
241	3148
292	489
526	1602
1055	1185
335	1085
355	3155
1198	3161
416	1481
140	350
83	734
734	906
292	779
292	533
299	3688
416	2507
416	3334
592	3226
314	3226
314	3109
314	3481
1310	3481
241	3221
481	652
233	595
233	2631
2269	3135
175	2269
2612	2666
566	958
1338	3184
480	3240
581	1126
225	4027
499	773
233	2590
478	2567
229	592
78	297
794	2705
794	3135
802	1667
127	1667
127	802
2900	3174
74	898
140	3846
241	3161
378	2725
416	1135
292	3607
354	3264
140	3264
1094	3237
299	3103
292	812
925	2977
416	3214
353	1250
143	146
146	805
146	155
293	1935
73	1392
224	925
416	3172
735	3245
586	1555
72	1555
1139	2690
140	3152
140	3482
140	1328
206	234
79	83
83	239
354	443
225	443
565	1330
565	2571
416	1337
107	1675
652	3830
241	3101
383	1198
383	3806
286	3308
292	2966
292	2967
1202	3848
499	628
111	3386
78	176
140	3463
74	229
74	111
473	1427
73	516
385	687
93	2744
233	1333
3076	3237
526	604
56	87
175	2669
175	1338
175	1307
444	1289
241	2273
213	241
438	652
652	3186
438	2652
438	1076
241	2652
652	736
1028	1098
114	833
581	659
581	1507
659	3237
243	2578
2568	3731
499	634
499	505
499	801
499	568
526	1422
353	1160
53	378
81	378
175	565
565	3237
293	565
80	925
686	925
925	1765
56	154
140	3246
444	2580
525	2588
525	2160
652	2588
525	652
292	2160
314	2160
273	1176
372	526
575	3170
301	592
292	3154
383	3435
383	3227
88	3308
416	3564
292	4068
383	3045
241	3045
72	3922
140	1055
526	2571
378	2047
593	3608
146	345
353	1330
225	423
292	4057
175	2602
645	2609
734	2642
292	3125
444	1573
581	588
241	588
241	564
241	680
146	776
95	2430
462	652
652	1340
652	1061
444	563
292	3318
499	644
168	315
315	1094
292	446
73	308
146	2272
146	3205
93	1117
255	1076
575	3139
241	3139
549	653
549	3827
652	2228
561	652
652	2215
652	3899
925	2215
925	3215
140	925
1139	1870
575	2428
734	1420
175	1678
566	2268
383	446
383	735
314	446
446	563
241	446
446	1308
446	736
446	526
446	794
225	446
233	446
446	593
353	563
735	2655
526	1314
72	735
127	215
499	558
299	2637
175	1458
509	1458
1458	1528
76	1458
146	2278
146	449
93	455
122	378
234	1316
2573	3100
287	2564
652	1159
1443	3108
195	932
292	531
292	1578
416	2160
416	2646
93	353
416	565
233	565
233	347
613	2288
499	3240
3133	3518
243	1305
593	3284
383	3109
5	1371
804	1308
756	1076
172	539
206	525
233	614
233	1293
1481	3240
1481	3404
652	1481
652	1765
9	273
83	463
140	3167
140	3166
195	3188
80	663
200	378
448	3240
25	74
243	1188
140	1177
444	3064
388	443
416	3243
241	3074
241	2160
241	2609
74	1555
74	3102
772	1854
391	423
585	2654
205	581
74	1414
458	563
134	355
355	884
355	423
423	1245
326	1429
245	525
78	278
74	456
292	485
316	485
146	241
140	2621
140	2583
719	1824
78	440
241	1305
241	2096
241	3050
416	2699
416	2635
416	525
424	525
383	424
353	2635
293	353
353	354
293	852
383	3031
74	3604
56	118
118	2015
734	2160
592	852
383	852
383	3161
140	3114
243	526
175	1710
734	1738
851	1560
308	818
88	659
73	543
548	581
622	2569
499	710
652	1373
78	416
624	647
56	1908
140	622
2501	2630
1139	1302
255	2682
244	1662
95	3144
72	3792
312	2700
1602	2078
823	1161
241	812
312	423
56	94
215	1667
1183	1667
851	2669
241	3197
241	2650
233	2650
243	485
585	2160
383	2604
1076	2604
140	2604
140	1331
140	3786
487	566
575	1340
645	2651
233	645
645	2276
76	233
255	645
108	299
186	749
586	1094
1528	2648
241	3164
1320	2629
140	1149
234	525
234	450
234	451
234	499
234	1297
234	355
234	241
234	1308
241	1318
140	234
140	1293
175	2591
1185	2591
455	1185
232	1185
504	3100
175	2980
86	123
549	3310
499	3192
140	3899
175	335
175	772
111	335
111	593
111	652
111	565
111	563
111	241
111	233
175	593
353	3161
581	4027
336	549
549	3240
335	549
499	549
140	499
165	549
335	734
335	1771
335	1028
146	335
146	2078
140	612
784	1767
241	3163
383	3579
1161	3981
86	948
592	3598
147	794
416	3598
416	2632
93	1800
678	1159
241	3209
241	2643
241	2599
241	563
563	1330
241	1076
241	1395
180	1076
313	1076
383	1076
593	1076
565	1076
444	565
241	565
444	3147
265	565
680	1076
292	680
586	1297
292	4085
292	1597
86	186
525	563
243	794
241	267
74	1547
215	2577
215	586
2577	4084
443	2272
383	1246
444	1318
175	313
175	586
175	314
314	563
175	1320
175	1185
175	2572
175	180
175	526
175	312
175	2573
175	1330
175	588
454	526
140	588
76	1185
312	525
243	312
312	313
175	2160
175	2588
229	2160
74	805
78	426
78	221
78	375
78	374
146	549
106	549
146	734
146	687
146	388
292	687
184	292
78	292
146	353
146	444
146	180
336	1481
652	787
443	2650
1049	1910
581	3518
528	3518
146	638
146	416
638	3404
146	504
146	3230
504	2572
146	175
146	354
146	450
146	1507
74	146
175	946
140	504
140	478
5	1365
90	792
443	1548
1297	2612
613	771
692	2686
326	385
1139	1952
293	423
172	1316
802	2697
174	1308
802	1308
851	2878
79	3743
175	3245
353	4093
502	592
335	1139
645	2603
383	423
545	3128
563	2603
416	653
446	1338
653	804
870	1555
255	2602
273	3566
353	2398
851	2932
76	1159
527	823
804	1481
175	2577
175	592
175	233
473	592
175	575
2045	3226
462	1481
438	2683
255	2651
255	563
255	3245
243	3059
563	734
354	563
354	642
642	3237
175	563
293	563
383	563
2215	3237
1076	2215
563	3245
2668	3245
175	652
652	3215
949	3215
3174	3215
299	3215
458	565
2619	2635
772	2619
566	1176
398	1176
114	1486
72	734
72	1076
72	581
72	224
734	3031
586	734
581	586
180	444
243	444
313	444
581	2610
2610	3643
581	3643
241	581
406	581
241	3113
72	175
72	1340
1340	4056
175	3237
175	654
205	416
416	1592
734	1245
353	1337
74	1971
225	313
225	639
225	581
313	734
243	313
526	734
734	2963
462	526
734	1308
177	734
177	2656
177	557
74	734
74	1341
292	563
76	563
299	448
335	448
1768	3872
177	686
73	462
73	481
39	342
186	771
134	243
446	3999
906	1672
146	255
566	2580
566	1245
566	794
353	794
1310	3121
773	984
3565	4063
802	1564
566	2613
353	2160
353	383
76	383
353	438
353	3755
353	772
1602	2615
151	1393
906	1028
336	2603
336	399
399	652
652	3107
652	845
81	398
505	558
653	1586
566	3197
566	2650
172	241
343	933
471	1215
314	391
56	305
586	3072
458	1176
146	525
336	525
299	525
406	525
525	1310
299	3123
336	581
336	444
336	1026
292	525
438	525
336	1647
443	652
83	872
140	213
54	126
566	1214
566	1654
416	2651
233	2651
293	2651
175	2656
406	1190
355	1190
354	1307
1371	1606
195	2934
566	1428
566	1597
416	3161
444	1337
734	1337
586	3237
273	4060
343	568
206	1552
383	2651
647	939
75	1054
315	1314
56	1507
56	295
1330	3237
308	355
80	2039
652	3138
140	3121
416	2666
416	2683
2567	3108
292	2567
566	3171
232	2524
565	2603
140	565
581	3755
581	1161
851	1521
336	3767
127	3601
127	969
127	438
505	3237
74	909
74	948
884	948
74	290
195	3791
335	2651
614	3999
652	2651
1185	2651
586	3044
292	345
480	590
416	443
443	551
118	245
1821	3603
225	575
76	225
54	134
255	2643
416	2643
525	2705
652	3323
72	307
203	893
638	4020
590	638
140	590
1028	3669
342	456
56	951
106	243
586	1169
151	277
86	151
56	1964
1552	2697
516	3311
155	1133
416	3219
2601	3330
652	2600
481	1700
195	2568
516	568
566	568
188	586
188	525
326	1878
255	364
175	364
364	2263
326	1229
652	1939
526	772
145	726
314	477
109	192
734	2656
1126	2144
188	383
292	4059
823	2010
88	118
592	2675
592	727
175	424
175	299
175	3144
175	1314
175	446
175	2619
446	556
175	354
175	355
175	2263
355	659
175	243
1601	1667
140	2631
93	497
570	592
292	606
734	1169
444	1169
140	3731
347	416
72	219
74	4027
335	639
56	528
140	2566
336	2615
140	2591
292	401
314	735
140	3486
527	3949
416	3949
416	1602
180	1602
734	2640
90	114
1076	2603
549	1076
140	3314
336	592
592	1759
336	354
313	354
416	3242
326	603
353	2684
353	1338
146	2572
140	734
140	175
140	3050
140	1076
618	780
178	232
155	178
245	287
595	2669
3108	3913
83	935
1528	1838
1461	3108
509	3108
95	3108
575	1599
1320	2609
319	686
385	1398
804	1602
111	1602
316	1506
342	2900
572	744
652	1944
195	2994
195	3682
2276	3237
526	2276
195	2860
462	1354
74	2276
416	485
195	440
229	589
72	2001
284	416
526	4028
195	1975
451	797
2577	2660
368	2090
416	853
83	169
273	2385
168	1667
241	400
241	340
241	572
114	2426
273	3669
75	2278
292	2706
168	398
88	398
444	1291
444	3161
73	441
72	594
645	652
575	652
652	2669
566	2990
79	255
2269	3127
195	755
73	1817
54	160
200	233
1768	3368
27	109
27	128
27	1821
27	107
406	2571
215	326
299	3249
265	568
458	568
458	1602
221	292
219	292
118	292
85	3215
416	2684
2684	4056
114	2312
353	3064
409	2272
56	1982
180	353
353	1310
255	353
353	592
353	355
353	586
314	353
581	1340
357	581
243	3039
613	778
232	542
316	1410
378	449
195	1995
336	1563
336	1533
416	424
455	1063
455	516
76	455
2684	3915
613	2684
2654	2684
140	2684
773	3386
192	1314
192	416
454	654
335	454
3237	3404
549	3404
383	3237
111	3237
3215	3237
446	3757
566	1936
563	575
273	288
1028	2764
347	638
2630	3765
446	2598
316	1591
1138	1366
111	2651
243	3031
314	3792
72	506
1340	2510
140	3443
74	1910
45	56
195	2945
241	1334
292	610
127	1018
127	140
301	2592
581	804
581	2953
131	581
355	845
111	2705
645	2577
76	586
378	2776
416	3901
448	608
74	1953
241	444
134	241
241	485
526	3140
543	1115
666	1115
593	613
613	1308
56	388
56	122
566	822
241	556
241	1139
446	538
336	631
76	336
1989	2272
526	2569
292	3142
416	2625
416	2707
292	558
652	892
539	563
563	704
115	1558
353	1296
225	353
188	225
353	424
353	2572
353	1320
140	353
686	2214
140	3128
140	444
83	911
804	1369
373	526
568	798
354	1161
293	1161
354	773
143	1098
473	602
192	1313
192	1320
53	1354
53	824
195	3565
195	380
452	913
581	913
686	842
264	566
566	1137
78	461
198	342
493	2632
493	812
526	812
526	2632
416	2686
416	3209
2686	3031
192	438
74	669
74	651
659	866
470	652
345	652
195	652
436	1373
1459	4027
416	2818
780	3348
157	1767
232	3200
81	1935
526	3371
2613	2680
812	2613
242	277
114	2395
477	2577
386	443
301	2165
572	2573
2215	2610
1560	3743
650	797
292	2793
645	2567
56	1998
78	280
78	254
493	2650
232	2650
93	652
27	652
355	2596
299	3231
1330	3512
292	2697
1320	2697
314	3223
292	807
794	3219
1667	3219
1667	3202
794	3202
114	2311
823	1704
566	1086
430	566
566	2910
645	3448
549	1723
56	133
56	1767
355	1507
355	1050
106	355
526	3139
558	566
292	570
566	3161
576	3161
1330	3220
140	3220
2630	3135
2630	2667
292	3224
83	924
292	3031
1458	3031
243	3053
1245	2656
106	652
230	406
243	2609
416	3150
416	1130
575	2567
907	2567
416	3217
54	145
74	878
74	502
74	326
448	667
155	667
78	322
5	301
5	151
144	151
526	4065
292	3308
255	480
56	1340
171	292
948	2495
107	2832
136	2276
299	3120
78	321
134	1458
1458	2689
140	2689
592	3949
111	416
416	2610
416	3237
592	3237
354	3237
354	581
416	563
5	851
480	2679
480	652
539	1529
343	418
186	899
293	3988
186	416
184	416
76	1428
299	446
446	3561
446	1330
446	1314
446	1320
446	575
255	446
140	446
575	1320
243	1176
2630	3390
79	2750
79	1195
74	86
653	2652
438	585
56	2009
315	423
639	4027
416	2692
416	772
335	416
76	255
243	780
823	2706
599	2706
549	2643
645	2643
355	804
645	735
186	652
241	639
549	2669
558	2669
2608	2660
233	2660
140	2660
3169	3308
54	78
78	114
146	2668
2630	4054
500	581
83	881
441	1464
441	3776
505	907
505	526
526	568
520	568
72	505
293	1305
1305	2640
2628	2697
852	2610
852	1185
575	852
76	525
406	3147
526	3048
658	2641
293	784
146	293
146	1555
140	146
121	245
319	658
475	659
195	437
172	1089
1695	3215
1601	3215
785	802
526	1169
416	1169
416	686
850	851
118	566
195	568
168	473
1416	3597
493	1308
556	638
549	638
549	1373
642	1373
549	556
195	549
308	1276
93	292
812	3208
2272	3205
241	700
653	3475
1330	2507
1552	2045
3240	3914
2628	3295
1028	3565
56	2034
749	1395
308	3780
1139	3215
299	467
106	3143
2215	3184
592	2656
771	2571
335	2608
56	1797
448	652
520	652
563	652
652	1297
74	652
140	563
593	1312
313	438
354	3213
406	614
1458	1824
243	3067
592	3109
2630	3671
370	726
79	239
56	79
56	2004
140	3237
1559	2782
299	852
299	1188
299	485
778	1586
287	3743
638	1555
638	2603
354	1555
416	1555
2272	2592
241	650
180	1833
215	1369
772	1313
343	2263
301	1665
383	3184
575	736
736	2667
2666	2667
575	735
51	109
383	505
383	645
505	3404
505	3174
355	520
520	1458
520	2648
370	1458
370	1245
370	592
241	370
241	475
206	2648
241	3172
215	4084
273	3497
416	812
416	1316
1320	2620
423	1160
398	566
119	308
2215	2606
426	1357
416	2627
416	2626
893	3325
481	3632
420	1560
824	2142
107	1680
335	1061
292	614
1519	4027
2569	3913
593	3913
416	3210
342	423
56	423
527	1558
2637	3999
286	647
292	2274
91	662
225	480
172	2554
585	1126
72	1034
575	1034
749	1330
749	1314
658	3161
2630	3623
82	2526
467	2272
736	3240
5	136
851	3399
46	2753
72	4038
107	1383
535	1443
173	1560
140	1312
406	585
114	326
566	1373
140	566
593	3518
72	3518
292	2428
75	872
526	4057
907	4057
273	508
812	1308
1308	2632
794	812
812	1185
314	812
652	812
140	2632
292	1422
1320	3039
241	1317
101	151
151	878
493	581
1028	1879
155	907
195	3604
243	354
243	2601
642	2642
516	1454
79	106
416	1672
345	383
2572	3236
215	658
215	2510
145	937
292	1314
292	438
292	581
292	1696
313	581
581	2572
516	2577
1524	2577
613	2577
845	3999
1198	1330
72	3533
172	1105
292	602
56	215
593	865
229	593
316	526
245	543
243	3089
241	3151
416	3211
195	708
299	3136
470	568
686	1687
72	1623
804	1474
555	2608
335	1654
241	838
1028	3683
502	2078
355	2628
379	416
416	455
241	613
241	2654
241	313
241	510
188	797
188	243
383	2669
458	3107
621	3768
292	852
505	852
335	852
416	852
140	852
140	1126
140	3288
140	3156
416	3169
233	613
109	301
314	4059
416	4059
292	1592
2576	3161
89	2010
81	355
241	2666
383	3245
383	653
1115	3245
653	654
147	286
465	659
461	465
1139	3035
659	2599
195	1743
676	3404
1308	3776
336	772
1552	2144
155	2079
2215	3386
54	131
398	2278
383	2652
385	641
83	923
140	614
292	3234
292	3481
292	3230
1028	1198
252	404
109	404
308	1553
526	691
76	301
27	76
526	2656
2654	2656
383	2656
694	2092
80	889
80	1093
232	3444
225	530
155	371
2264	3308
652	2652
794	819
398	443
416	3031
780	3035
88	3312
542	802
802	2960
93	291
195	291
232	1384
233	516
1320	2626
1314	2626
140	2626
378	2601
241	3208
136	241
172	1357
75	2555
74	1765
133	1765
448	948
292	3437
416	426
292	3226
287	1461
383	3896
426	592
292	1176
2630	2633
299	1049
292	3111
549	1824
118	1297
74	118
54	74
462	677
250	893
81	652
398	2675
229	383
229	586
172	1366
458	3048
292	372
292	374
241	508
241	2651
458	933
621	1458
177	1185
177	416
878	1747
527	915
364	526
111	1307
180	335
452	2577
241	452
355	452
398	452
76	241
802	1526
528	2518
1028	3848
1308	1370
1137	3161
420	3143
804	4049
180	638
638	3308
638	1667
845	1667
59	878
195	1620
292	335
592	3070
292	312
312	624
383	520
449	1396
140	1327
106	804
1028	2570
336	735
336	736
336	406
233	336
336	1330
292	736
292	2269
292	2571
354	815
354	1046
354	639
140	4025
355	576
313	3108
313	1316
313	3107
526	1316
299	1316
292	1316
458	1316
140	511
265	2686
336	383
383	639
136	383
172	202
155	1521
140	3744
140	581
416	1607
195	238
165	2753
232	1458
273	1618
292	594
292	2700
292	524
134	3999
3161	3271
299	653
653	3157
155	1039
72	2045
575	2045
2656	3108
155	1713
1185	3334
73	1466
1307	2655
73	188
498	586
416	1164
108	180
88	1424
122	667
76	667
652	653
55	232
910	1588
111	804
111	1373
111	3240
111	299
111	802
299	424
76	144
378	876
2629	3679
292	2272
292	3109
2272	2642
292	638
450	638
450	2263
1548	2272
86	93
1763	2269
610	2619
416	1314
652	803
134	652
82	1051
570	644
84	316
83	891
83	417
416	568
134	3049
243	2269
343	2654
1320	3594
549	1515
315	659
292	3321
343	526
292	443
292	535
293	443
299	443
443	2619
443	1667
243	443
448	878
140	192
233	653
1443	2501
53	155
292	354
292	1315
292	1313
292	3188
292	3141
292	346
292	2656
292	3169
243	1315
354	1245
1159	2579
1159	2612
383	1159
243	2705
180	243
243	3102
147	243
245	3696
2630	3335
794	1666
101	878
111	2652
89	716
140	3135
76	200
1028	3380
462	1071
72	802
557	802
802	1481
845	1481
638	1481
56	2021
232	644
244	341
147	355
506	592
2215	3909
416	604
416	766
1602	2215
2630	3434
398	796
232	1176
53	1355
404	1481
172	2537
1159	3108
2680	3108
313	586
195	1385
1297	2648
383	3240
140	3428
140	3427
644	694
188	644
688	1459
1248	1552
420	1471
122	420
172	420
462	1493
543	686
195	1809
449	462
802	3031
805	949
193	543
78	138
450	1674
526	699
526	2428
74	91
74	291
74	114
282	1028
72	379
378	659
378	1736
378	1334
140	3267
586	723
1139	3354
279	515
572	1767
92	134
92	442
493	526
493	1245
416	493
95	526
221	526
526	4027
401	526
76	526
273	1404
140	4045
184	1325
894	1028
638	3100
638	653
638	3065
313	335
335	406
335	736
736	1602
335	592
335	398
416	3117
292	1169
385	3969
762	1833
593	3245
596	2686
243	2686
233	2686
243	2577
107	2749
243	299
243	2263
243	2706
243	3101
53	186
140	525
140	1337
140	1305
383	519
418	802
232	3933
650	1667
171	172
164	416
549	3475
549	3334
549	2507
140	3773
111	336
570	1139
549	2648
1478	3215
540	3215
416	498
416	744
416	1438
416	753
592	753
292	423
416	423
416	723
416	1543
90	143
143	1470
915	1767
277	1528
851	1180
1137	1180
340	1316
215	307
559	592
592	645
504	592
76	592
292	462
313	596
2579	3110
794	2579
635	4063
83	585
83	509
83	215
83	495
336	797
336	2573
664	1458
140	3927
80	106
80	280
80	244
95	151
78	101
796	1824
458	3035
56	1990
140	3446
195	3130
82	1470
461	477
477	557
824	2092
451	824
400	2083
155	1399
308	1549
528	2817
46	1330
314	1529
542	692
136	1410
155	769
265	292
652	1771
499	652
652	815
652	822
652	654
336	652
652	1396
652	1657
336	836
652	2576
336	2263
418	652
336	2569
79	277
56	448
245	642
794	1297
134	4076
93	2039
1185	1367
686	1297
132	232
132	2091
443	458
458	2118
56	2029
136	1481
593	2681
653	772
1031	2092
423	797
140	3980
225	1036
1028	1225
55	56
140	3892
292	686
736	2570
82	166
659	2060
56	948
813	1161
613	2654
72	2654
72	1159
72	312
72	1548
72	4057
510	2654
173	244
878	2454
549	586
549	2697
140	2697
273	1458
2572	3371
76	652
308	1778
804	2652
299	804
107	342
128	246
241	3117
241	3110
416	3110
241	2569
140	2680
1139	2555
2272	2572
2272	3226
241	2272
773	2272
575	3682
140	3682
241	773
461	462
56	462
416	2630
611	3123
229	587
378	910
140	3993
140	3366
458	1617
802	1600
485	700
144	528
824	3036
106	293
639	1521
458	2189
417	458
292	2189
78	87
78	82
140	3750
186	340
481	594
83	481
83	516
83	906
83	921
93	906
172	659
92	2058
27	851
109	1102
9	823
188	385
378	2764
241	520
645	889
232	586
794	2428
111	2610
851	3518
336	773
851	2613
76	645
76	549
140	3646
261	3308
261	516
188	241
116	664
449	1476
449	794
165	313
539	4017
73	136
560	644
140	2651
140	3843
240	316
1028	1601
845	1507
845	3031
3016	3031
228	2088
93	1516
91	502
180	409
505	568
241	568
505	1330
241	505
241	575
241	907
140	3507
241	504
95	531
1171	1672
188	772
336	700
336	568
336	3286
299	336
215	355
355	1169
519	1159
354	585
292	771
140	3791
186	1588
1314	1330
233	2669
345	659
93	930
878	2184
106	151
194	1542
804	3404
336	3404
499	3404
1028	2234
449	3209
659	1224
80	1765
651	824
228	292
450	2573
343	1472
93	943
140	3495
140	2620
140	2633
93	1483
72	346
290	423
134	2860
341	370
314	463
255	575
575	2577
255	559
72	255
255	664
215	225
140	3639
136	628
56	1996
83	400
878	928
677	1040
316	949
314	3039
613	3039
613	1653
140	3789
165	794
355	450
450	2619
241	450
370	2619
292	450
292	3047
292	724
292	3056
243	292
292	293
241	681
292	3048
243	498
243	499
441	1592
232	2256
1185	3748
172	403
56	1985
56	1842
56	245
56	194
56	160
56	802
1040	1371
653	774
165	403
420	470
241	308
528	1759
1338	3999
233	2272
442	754
1031	1105
561	2610
388	3161
441	1180
78	131
172	1705
183	1485
442	526
143	3129
613	1245
56	1341
140	2655
299	3308
336	448
336	1559
273	336
265	336
336	723
225	336
265	3031
241	265
111	1036
111	454
1185	2045
520	2045
526	2045
292	2045
314	2045
520	1185
520	1320
188	659
195	436
316	1092
1028	2142
215	292
215	398
45	1588
225	3549
463	586
593	3483
140	3422
423	829
370	526
308	526
526	2910
134	526
526	2963
526	1028
115	2856
106	488
75	1393
143	177
143	232
143	851
56	232
56	326
2228	2635
80	378
56	378
73	502
73	1552
73	131
73	1507
73	686
73	74
451	557
461	557
355	461
516	1647
136	1722
76	642
76	111
815	1517
370	613
370	907
3240	3386
1202	1208
76	1202
593	3757
140	3757
370	497
575	593
575	2609
593	774
233	2675
2603	2675
243	383
335	3075
520	592
343	892
239	2261
205	388
140	2641
195	727
370	1601
299	1139
168	458
151	301
147	151
526	694
93	1695
140	3418
244	1214
76	754
76	122
292	1559
241	336
450	1667
195	219
353	575
353	406
228	3120
426	2740
878	2007
1046	1458
573	1458
558	1555
675	3913
346	2577
851	2577
315	1401
442	2294
462	1159
88	509
1713	3016
225	797
2615	3549
2704	3133
591	878
175	292
56	2041
106	114
53	2103
140	2678
520	549
233	520
316	1439
331	470
78	316
93	3370
215	1713
195	789
89	564
568	700
186	568
292	3133
277	458
383	1245
471	948
155	1853
480	1373
386	1662
596	3312
286	3312
1478	2215
794	1476
794	1422
481	1340
195	229
140	3728
292	2635
56	73
250	493
519	592
585	592
470	592
140	3901
140	3608
314	505
136	652
177	255
672	948
134	878
241	454
241	3181
188	420
462	2654
72	354
72	549
72	3031
72	2592
72	797
72	558
72	1458
72	2643
72	1667
72	2580
72	383
383	575
72	1338
72	2276
72	586
423	1197
314	1548
355	1387
355	3035
400	1362
346	851
46	1817
469	2263
292	469
72	443
72	140
1615	2947
477	1179
1084	3809
188	340
878	3004
449	1820
88	386
851	2554
292	315
83	909
2160	2705
313	2263
293	313
313	2269
140	313
140	336
140	2654
140	3200
232	762
155	1594
400	948
443	2669
448	1622
639	1622
234	416
735	2675
416	2675
155	1721
241	638
438	3144
312	2601
515	2996
802	1159
652	949
678	1481
195	467
292	2569
1108	1308
599	1479
599	652
400	652
400	3240
206	813
585	1245
109	1885
416	2269
416	736
736	2571
416	2640
416	3319
734	3404
388	3565
370	3565
151	1672
151	920
255	1678
241	1678
140	4057
570	2047
54	147
54	143
443	613
443	1464
624	1368
430	624
1314	3144
383	3144
383	1602
383	2625
383	568
383	3157
383	2692
383	654
383	2215
1602	2272
449	539
664	1935
645	1185
907	1185
292	907
102	378
76	1652
140	3549
441	1691
175	2610
3065	3174
416	804
416	677
416	1424
195	497
338	3108
134	358
86	173
687	1340
1168	2753
335	893
335	915
74	133
293	3215
241	1164
924	2932
188	517
773	1602
1602	3699
319	1586
136	3080
136	767
140	3510
5	195
878	948
107	948
136	277
76	1682
539	592
477	592
416	477
416	675
416	1110
88	815
109	112
79	140
370	2650
241	3016
241	659
241	458
143	147
224	762
53	1606
299	418
292	1187
500	1161
349	370
136	271
878	1771
354	416
416	1313
265	1184
91	2377
255	3386
383	448
383	565
342	1619
441	700
1458	1552
370	2577
370	1176
292	370
889	1141
516	1788
2572	2637
586	2637
586	3161
586	2947
2601	2609
438	3296
736	3296
851	1665
1217	3848
367	466
335	2264
88	177
155	536
255	3566
704	1528
9	1768
416	2679
416	4056
647	3448
652	1653
652	676
306	851
184	378
78	452
172	2522
76	1700
56	1377
83	952
229	621
516	770
292	1205
292	780
292	2622
155	645
186	1622
76	1723
520	2572
76	879
76	86
773	3699
416	2579
2609	3108
88	255
255	802
205	1217
188	592
188	638
188	568
2507	2656
1824	3177
694	2385
3475	3827
1330	2160
458	3129
458	932
83	426
486	762
797	1179
611	797
499	797
354	611
355	499
470	502
229	624
273	669
664	3776
136	874
155	550
1672	3906
93	1558
3174	3404
1585	3161
134	3161
134	1430
243	477
243	265
948	1028
93	2499
186	755
735	3333
686	2144
824	845
136	529
155	1504
155	814
1315	1507
250	3848
603	3848
195	3848
144	186
138	1077
299	499
499	3230
241	499
1314	3594
1316	2520
118	1814
118	1202
398	3568
526	1046
526	1966
526	779
1966	2567
526	3915
526	1082
233	2595
233	851
225	1317
225	1166
180	2606
165	180
180	1071
180	1788
383	2606
292	804
292	1028
215	705
195	758
450	572
498	664
224	1765
645	1765
224	1481
136	243
243	3081
558	1162
558	666
558	677
558	734
1239	4027
378	631
443	842
312	907
195	645
195	1481
195	3065
653	1481
653	3245
140	653
372	3245
215	610
56	1989
949	1941
286	949
1672	3565
107	423
273	1115
134	647
420	815
76	673
383	504
314	4038
666	797
168	386
76	1756
155	874
487	1248
585	2001
882	1528
95	882
370	416
416	1524
512	2011
76	306
585	3541
140	4053
91	2189
91	136
54	136
548	694
195	548
195	1534
78	274
78	344
155	2724
74	398
878	3699
186	796
251	400
684	2593
353	736
140	3681
1552	1814
83	466
78	466
131	481
56	101
56	1117
245	2081
93	1243
221	694
490	2740
1330	2045
56	92
186	1651
449	1129
1297	3197
83	594
151	2110
76	1384
195	859
889	3161
1572	3161
140	3768
73	277
116	264
172	2520
175	416
174	416
215	416
416	425
416	470
316	416
140	3723
140	3776
140	1373
140	3827
107	188
144	462
225	519
53	93
53	143
53	76
225	526
481	1775
206	802
404	1138
530	1070
243	676
1528	2772
347	516
505	749
291	1443
291	2398
225	2570
225	292
292	734
292	723
292	1164
308	364
423	1198
639	1458
232	367
593	4013
593	2625
593	3581
1414	4063
134	820
441	2782
400	2782
193	700
145	539
116	2262
662	2262
823	1667
345	1040
272	273
481	495
342	2458
508	652
557	3015
239	402
824	2011
615	1815
136	1815
140	3123
450	528
416	450
73	572
56	686
1310	3308
458	1397
155	2111
240	255
136	255
1552	2142
1334	1585
1653	3161
140	1289
420	1528
93	1528
27	93
250	512
250	401
292	442
292	2910
292	1086
265	416
416	1077
416	1076
131	875
76	875
76	899
76	910
76	91
76	417
140	3215
140	2692
140	2215
188	652
925	1139
645	851
78	456
76	1606
244	824
340	516
82	109
115	118
234	1320
530	3147
383	700
73	1443
195	3240
215	526
575	2667
575	2669
140	575
140	1481
462	1155
355	577
355	3044
76	1662