56	1955
76	1437
140	3886
140	4043
78	394
292	1971
114	833
140	3534
140	3856
1970	2109
114	2319
1747	1817
82	2806
1430	2257
76	1374
402	679
82	2822
114	2466
140	3397
76	1715
65	2718
1	58
140	3787
114	2453
51	3844
53	2095
2111	2857
82	2526
142	390
188	849
90	2864
1987	2832
46	966
53	2113
76	1440
140	3960
98	390
200	2201
101	786
1	38
82	2904
439	1116
1691	2533
82	2797
82	2882
114	2329
82	2795
114	2374
140	3708
1257	1806
78	214
929	2367
56	1958
140	3686
1552	3003
200	2249
1053	2839
1028	1265
74	214
140	3751
82	2854
880	1973
200	2170
200	2147
54	98
74	311
9	1053
2199	3027
939	3959
140	3602
200	2143
200	2244
76	1750
188	697
375	2271
59	878
188	683
62	316
114	2421
82	2896
76	1417
1899	2941
56	2038
184	3870
140	3301
76	1758
1	26
590	2868
1	67
82	2873
62	1725
1286	1471
200	2232
1139	2875
140	3891
390	1284
114	2434
76	1694
27	1819
78	460
76	1480
1369	2746
188	843
78	285
390	1278
1817	3030
140	3910
239	4093
82	2872
140	3620
87	1902
1	30
200	2153
140	3433
366	2119
45	2737
114	2344
423	1201
76	1751
878	2000
2057	2947
82	755
140	3822
114	2370
2348	2867
1	8
200	2199
390	1274
82	2884
880	1943
114	2399
60	273
82	2848
9	2348
76	1582
140	4037
1809	3732
140	3905
140	3989
56	1963
52	1768
1914	3245
2392	2718
78	366
390	1266
200	2212
76	1610
114	2455
140	3300
200	2127
391	3169
1	36
140	3923
62	3334
1819	3477
76	1724
1007	3655
140	3562
76	1641
1605	3311
1	62
56	2023
76	1444
140	3328
188	725
395	1202
114	2428
82	2890
101	1437
200	2124
114	2394
140	3416
1	33
1	23
1	60
78	190
82	2805
82	2874
915	2970
929	2375
78	433
519	2476
823	2274
140	3282
140	3469
389	3027
114	2304
82	2897
140	3706
56	1995
78	412
140	3852
56	2026
1	21
76	1518
74	282
200	2245
78	256
370	2831
74	432
200	2204
707	3546
59	1588
1	2
140	3775
390	1280
1	17
140	3902
1	22
76	1733
56	1999
140	3937
76	1589
16	1365
82	2878
56	1949
82	2801
140	3660
140	4005
140	3656
82	2820
2741	4087
1588	4042
200	2208
114	2456
200	2222
725	3174
390	1271
140	3931
950	3082
390	1263
56	1942
76	1497
44	878
62	2348
244	3011
443	1259
244	3003
76	1557
78	332
78	396
1821	3603
1	57
419	3767
244	3018
182	1287
114	2387
140	3257
82	2827
82	2837
76	1627
122	2069
2379	2737
385	3168
76	1462
82	2800
82	2903
82	2811
78	209
82	2843
1747	2737
140	3493
53	2108
56	2012
140	3874
140	3855
1822	2736
1	59
1	31
878	1988
140	3538
25	74
244	3009
56	1994
647	2394
188	514
15	1806
56	1983
203	893
94	1725
1	25
1768	2831
56	2044
46	1700
76	1450
140	3654
1355	2254
333	516
54	152
82	2859
140	3847
82	2838
114	2346
140	3429
76	1386
114	2366
423	1067
140	3866
1768	2254
172	2557
200	2241
78	453
2737	2837
140	3614
200	2129
78	294
1	64
76	1378
127	2810
172	2548
1083	3634
51	316
279	3960
140	4029
188	855
140	3353
80	3762
82	2830
200	2159
1806	2798
140	3557
950	3926
390	1256
140	3603
1725	3649
45	1588
76	1671
82	1273
1	28
2868	2966
114	2445
82	2867
878	2063
76	1489
876	2516
200	2239
147	1436
200	2235
1560	3743
2013	2271
78	210
1028	1617
391	3234
56	1957
82	2880
530	4008
78	369
125	966
1817	3015
140	3612
172	2544
274	1531
114	2432
1259	3334
566	2850
543	1705
78	216
82	2808
140	3590
140	3456
78	266
200	2197
140	3504
566	1833
200	2203
390	1262
1806	2288
78	278
54	157
76	1644
411	851
82	2834
78	248
200	2174
114	2317
380	2718
114	2339
140	3972
1806	2875
1345	2746
82	2889
78	351
140	3805
82	2871
1927	1979
647	2677
82	2222
992	2753
82	2846
2111	3136
734	2839
288	960
76	1556
416	2867
1	40
543	3752
114	2426
286	1414
200	2236
423	1062
82	1705
1824	2449
200	2156
114	2307
56	2016
449	2069
114	2325
172	2525
78	352
1819	2118
60	2348
78	325
114	2464
1265	1970
200	2132
114	2441
1	14
39	2737
1768	3368
606	3205
140	3343
140	3592
78	268
172	2537
140	3991
56	1984
114	2327
2429	2737
113	1546
140	3254
880	2587
140	4052
904	3246
140	4036
893	2785
82	2868
44	1588
566	1964
78	247
172	2539
114	2423
244	3026
1273	1806
123	2773
887	2771
140	4009
244	3002
0	1
929	2392
56	1959
81	2564
200	2198
53	2104
1	52
390	1258
9	1725
140	3761
78	432
1	18
390	1261
82	2891
875	3785
78	431
2449	3968
200	2242
114	2312
114	2422
140	3983
54	103
140	3783
390	1268
54	170
929	3785
78	303
342	2531
56	1956
200	2238
2063	2111
62	3844
78	298
76	1726
200	2219
82	2845
390	1259
114	2318
140	3409
1053	1347
71	72
200	2133
2253	2837
390	1260
82	2826
60	1725
1355	1806
78	435
918	3174
1833	2856
140	3819
114	2390
878	3699
82	2831
78	222
390	1277
51	823
1588	2454
1852	2253
78	356
140	3509
2868	3924
82	2804
76	1779
1308	1370
543	2905
385	1792
59	1970
56	1973
114	2389
1	66
155	965
1	19
140	3675
82	2796
244	3000
82	2813
82	2825
140	3961
188	605
82	2876
2394	2666
140	3730
140	3917
114	2404
140	3879
41	1768
9	390
76	1540
172	2522
140	4024
82	2823
140	3545
1	35
1819	1995
775	1943
775	3452
76	1766
1161	1660
53	2102
140	3986
60	1330
200	2183
1	34
76	1577
140	3250
56	1965
51	109
114	2420
140	3898
225	2882
1	68
919	1972
78	376
390	1275
2666	2837
82	2855
1280	1806
1	61
82	2839
286	2639
56	1990
1802	2088
114	2358
140	3784
880	1957
82	2863
56	1940
78	387
78	334
200	2166
82	2844
114	2384
128	3330
1691	2575
56	2034
1800	2753
1	43
140	3401
82	2895
140	4040
140	3854
82	2824
140	3883
140	4033
78	201
140	3393
1	24
82	2885
76	1638
1330	1943
53	2099
114	2302
200	2154
107	3726
82	1747
114	2356
76	1418
1053	2009
78	258
1768	3872
1053	2389
140	3664
82	2857
140	3993
82	2864
1	29
114	2416
82	2835
56	2025
76	1701
200	2220
140	3834
243	3090
95	3061
200	2180
2036	2720
74	421
82	2902
200	2240
1	42
391	3426
200	2150
140	3953
200	2233
811	948
308	3780
82	2887
1105	3027
172	2523
76	1400
200	2137
114	2289
200	2139
56	2032
200	2164
78	302
1	48
82	2888
82	2862
1	20
53	2094
117	390
200	2151
151	2332
1809	2022
78	311
114	2301
1	65
200	2202
140	3772
76	1512
101	2679
59	81
78	445
1139	3960
390	1285
140	3615
140	3420
39	878
3057	3913
791	2922
56	2035
244	2998
188	637
390	1270
56	2030
244	3017
82	2849
1	69
114	2413
200	2172
114	2400
78	262
140	3979
140	3987
1053	2837
2939	3368
140	4032
1629	3293
78	211
396	3174
286	3014
200	2209
114	2446
1806	2837
114	2409
82	2870
54	117
140	3801
387	478
887	2392
76	1719
1028	2254
127	574
114	2342
54	139
82	2881
76	1522
76	1561
1	37
56	2037
140	3921
172	2556
390	1273
390	1272
244	2999
140	3555
1806	2730
82	2840
885	960
76	1609
82	2866
140	3820
2413	2666
147	3649
56	2005
140	3347
114	2311
140	4000
922	1747
76	1580
78	411
56	1985
284	1182
140	3718
78	361
390	1276
140	3648
56	1992
244	2995
78	259
1768	2009
82	2901
140	3962
114	2338
737	2158
195	3617
82	2809
133	2867
56	1972
140	3633
123	707
543	2860
543	3700
200	2173
140	3637
90	2837
1448	1806
1013	2621
46	1723
78	310
78	337
974	1021
200	2205
140	3764
200	2146
200	2230
1139	1271
114	2343
360	2918
140	3780
140	3919
426	2185
390	1257
82	2852
114	2391
60	109
734	1923
39	1588
2348	3785
553	1365
140	3752
1	47
1139	3820
78	395
78	328
244	3022
2662	3956
1118	1987
1	70
172	2531
1265	1768
91	3336
1	41
114	2353
82	2836
114	2379
56	2043
200	2155
1927	2103
114	2361
114	2467
122	2077
128	3669
78	421
390	1267
1	32
78	397
78	410
3027	3820
114	2395
27	1287
78	390
140	3677
56	1968
76	1576
140	3837
960	1595
75	1271
82	2877
82	2802
200	2162
1	51
54	130
140	3277
200	2120
225	1265
2720	2864
78	282
140	3974
140	3392
82	2819
76	1446
56	1967
114	2345
188	717
3027	3497
140	3589
554	2525
82	2879
3208	3325
114	2280
876	1259
76	1536
76	1456
114	2440
195	3871
82	2842
2015	2189
200	2171
200	2163
140	3403
54	104
1139	1273
114	2347
140	4045
140	3853
140	3694
1270	1806
114	2293
200	2221
288	2088
78	304
78	414
458	1194
78	321
390	1264
342	2525
114	2334
1833	2014
82	2899
140	3627
1615	2947
140	3980
114	2393
1168	2753
200	2130
1988	2737
128	1432
390	1265
82	2814
2253	3635
56	1948
76	1530
59	2737
176	1287
76	1636
56	2021
2400	2718
200	2187
327	585
127	1705
200	2231
140	3558
387	851
140	3779
2253	3463
82	2803
35	1768
2086	2087
1552	2864
82	2875
140	4044
2111	2855
1	63
74	259
1641	2522
114	2463
82	2869
316	1684
76	1684
370	2548
2548	4063
647	2892
2892	3311
76	1525
316	1525
1838	1927
1470	2385
1028	4090
893	4090
95	1474
3405	3514
140	3405
316	1698
76	1698
140	3985
3276	3985
282	1365
76	1501
316	1501
3364	3365
140	3365
3372	3373
140	3790
2630	3790
316	1411
76	1411
140	3511
3295	3511
82	2812
82	2821
2812	2821
82	2003
56	2003
1171	2111
114	2439
2315	2439
316	1503
76	1503
466	699
114	2435
543	1647
188	729
223	1203
82	2815
82	2833
2815	2833
1312	1819
1208	1312
1474	1559
1080	3849
3333	3411
140	3411
984	2828
2121	2126
200	2126
149	2253
1924	2253
470	3007
451	3007
78	330
56	2017
56	2033
2017	2033
241	3204
140	3204
316	1591
691	832
188	832
95	3477
1	9
78	333
56	333
13	961
74	961
959	2350
140	4054
2630	4054
2121	2152
200	2152
2142	2783
803	2783
140	3591
2630	3591
140	3510
1330	3510
2088	2799
54	142
54	163
142	163
950	1237
54	148
102	148
1334	1490
1053	4023
677	4023
316	1723
458	2219
1401	2219
1223	2599
3220	3793
3707	3880
140	3880
1818	1819
326	1818
458	1818
1	44
44	56
267	657
359	370
78	359
1824	2512
140	3454
3295	3454
140	3496
1330	3496
2743	4094
1802	1817
2287	2388
114	2388
114	2287
1139	2883
200	2206
2191	2206
200	2191
252	2995
113	551
2117	3699
140	3262
255	3262
186	1509
76	1509
56	1988
81	1988
918	1945
316	1398
3333	3642
140	3642
200	2181
200	2179
2179	2181
958	2915
2915	3924
54	105
54	167
105	167
449	2077
136	2077
2630	3658
140	3712
3541	3712
3266	3807
140	3807
286	1958
286	1432
1432	1958
140	3927
2699	3927
1483	3743
1483	3311
316	1402
76	1402
1089	1443
949	2062
805	2062
734	1850
2222	2601
1793	2433
791	2303
3710	3908
140	3908
200	2178
2178	2237
200	2237
114	2457
3295	3474
140	3474
140	4016
3823	4016
76	1463
316	1463
658	4093
2013	3401
1182	2013
74	962
13	962
416	3617
140	3617
3616	3617
1975	2085
107	1980
56	1980
647	2857
343	2541
140	3413
213	3413
114	2286
342	2286
140	3537
416	3537
241	3228
2263	3228
1373	1745
76	1745
560	1431
76	1431
281	3955
140	3955
140	4006
3255	4006
875	2543
172	2543
967	1012
974	1012
200	2140
2140	2182
200	2182
140	3628
140	3629
3628	3629
140	4010
2215	4010
1084	3809
1127	3809
1334	3870
3379	3851
140	3851
875	2254
577	2055
2561	3200
885	2561
140	3881
520	3881
1894	3311
554	1171
458	1347
483	1198
2234	2480
380	876
114	2352
2351	2352
114	2351
875	2900
140	3888
3888	3889
140	3889
2748	3141
376	887
102	1974
56	1974
76	1506
316	1506
140	3700
584	3700
887	1265
504	790
188	790
1821	2103
1890	2103
1813	2263
2817	3677
570	3677
2630	3661
140	3661
939	2385
1977	1986
56	1977
56	1986
78	257
140	3291
3291	3295
419	1914
1345	1914
899	1909
1943	2718
1768	1943
56	2000
81	2000
2630	3808
140	3808
140	3681
3626	3681
2099	3460
2099	3601
1316	3753
140	3753
593	3284
140	3284
1	5
501	1696
390	1269
390	1279
1269	1279
2430	2510
3242	3966
3733	3878
140	3878
144	2900
114	2376
267	2376
360	3649
1307	2817
1218	2040
742	2040
140	4008
186	1658
76	1658
140	3909
2215	3909
3317	3674
140	3674
151	2110
2281	2380
114	2380
114	2281
2818	2850
82	2818
82	2850
1139	2798
566	1448
473	2925
1547	2925
3314	4008
3217	4011
140	4011
1793	2900
3086	3174
140	3306
3259	3306
172	2527
91	2527
76	1469
441	1469
140	3871
2630	3871
3109	3916
140	3916
140	3332
3332	3333
136	2433
512	2771
543	2771
76	1709
89	1709
3427	3595
140	3595
3280	3998
140	3998
932	2323
156	1776
83	902
79	902
75	1415
76	1415
69	2630
199	208
78	199
78	208
2816	2994
39	81
915	3007
46	1000
2630	3467
140	3467
46	1806
140	2688
233	2688
82	2858
151	2858
1532	3093
172	2549
279	2549
114	2365
2305	2365
736	3266
2667	3610
186	1575
76	1575
140	3663
2630	3663
378	2716
2715	2716
929	1979
140	3613
3285	3613
140	3641
281	3641
1334	2084
1	15
2625	4007
2015	2341
114	2341
2753	3906
233	2649
593	2649
114	2443
342	2443
875	3669
407	960
520	1702
76	1702
140	3531
3530	3531
1783	3245
140	3835
3536	3835
140	3536
3333	3536
151	287
140	3932
3108	3932
172	2540
903	1419
903	2972
876	3497
1	39
1053	2817
140	4058
3292	4058
516	2106
2082	2482
1304	2482
82	2865
156	2865
140	3638
3505	3638
140	3505
217	594
82	2798
81	2798
74	182
74	204
647	2783
730	1154
512	1154
440	1725
816	2117
79	3669
3208	4093
233	2681
593	2681
3387	3388
140	3387
967	980
974	980
3449	3476
140	3449
140	3476
3476	3499
140	3499
3258	3450
140	3450
114	2444
108	2444
1824	1884
140	3658
3658	3758
140	3758
343	1772
1046	2429
3251	3283
140	3283
140	3653
3624	3653
286	3926
78	428
242	428
82	2829
2829	2851
82	2851
301	3870
1793	3870
155	4073
140	3992
3841	3992
267	2372
114	2372
95	1618
76	1618
273	1618
740	4027
140	3649
3251	3649
140	3351
1666	3351
53	2100
245	2100
2547	2551
172	2551
172	2547
929	932
1164	3099
140	3928
3928	3929
140	3929
3849	3850
140	3850
3607	3823
188	728
480	728
140	3341
2630	3341
2855	3699
380	3699
380	2855
178	499
76	1673
175	1673
922	2882
93	2882
114	2349
1783	2349
83	947
147	947
82	2828
2913	3061
1223	3230
593	3762
140	3762
2567	3632
18	316
18	416
1828	1951
69	140
69	588
133	2392
114	2392
2088	2278
3388	3492
140	3388
127	3926
2700	3611
823	3914
360	2391
140	3858
446	3858
2168	2186
200	2186
200	2168
1	27
151	1880
444	1699
76	1699
140	3255
2630	3255
342	1581
76	1581
1801	2098
2260	3568
2254	3568
647	3231
2800	3103
822	931
931	3161
3526	3527
140	3526
2610	3608
2941	3477
242	277
554	3975
78	191
742	1394
686	2195
54	129
89	129
587	1584
644	1813
3795	4014
56	1943
133	1943
140	3287
2630	3287
1611	2603
1033	2512
107	1605
76	1605
520	1605
235	4064
1031	4064
15	133
90	1448
80	1554
140	3256
2630	3256
354	3781
140	3781
1672	3896
2687	3237
2630	3619
140	3619
588	3619
81	2892
82	2892
42	316
42	93
458	601
2773	3669
140	3710
1478	3710
2608	4026
1401	3173
2878	3173
53	2103
112	2103
1470	2430
309	1182
309	3401
1182	3401
56	2048
588	619
188	619
172	2541
402	2532
172	2532
887	1969
56	1969
659	1969
569	4060
82	2810
82	2009
914	2637
1138	1366
1366	2085
376	3115
566	1936
140	3553
3258	3553
1182	2856
2601	3330
3519	3549
140	3519
823	2892
273	2892
140	4014
140	4015
4014	4015
1578	2800
772	3930
140	3930
151	3295
3434	3943
1001	2753
647	1001
127	2788
339	2788
449	1820
1736	3038
343	2013
458	2013
86	2112
53	2112
101	2001
83	903
192	903
82	2807
2022	2807
53	2109
101	2109
2630	3539
140	3539
1304	3669
1953	3010
670	2928
2433	3311
1036	1493
200	2185
686	2185
585	3541
815	3541
385	3969
1139	3969
876	1371
458	2541
595	2541
78	212
140	3957
3273	3957
140	3273
531	3273
2294	3050
932	1485
374	4060
4059	4060
202	4060
202	4059
140	3515
3258	3515
884	2457
155	2457
2029	2981
1585	1844
3678	3679
140	3678
3575	3576
140	3576
140	3575
1565	2516
213	710
122	2085
462	1664
76	1664
2064	2564
80	2856
123	200
91	2377
114	2377
195	2816
513	1898
1768	3960
2737	3960
1028	4073
235	4073
90	1844
1171	3050
282	2088
282	2089
76	1583
1583	1584
2088	2089
1053	2089
1365	2089
1665	1793
1	16
1053	4060
919	4060
1769	3386
2633	4051
140	4051
114	2415
102	2415
1950	2720
1950	2039
56	1950
1217	3027
140	3890
3626	3890
1927	2118
370	3007
244	3007
290	1794
893	1794
172	202
78	202
732	893
277	2036
56	2036
655	1725
2323	2522
75	2522
910	2522
140	3829
383	3829
3352	3802
62	109
62	1053
93	2454
271	3100
74	253
74	176
176	253
78	253
78	176
53	2105
1713	2105
1613	1642
76	1642
54	158
158	159
54	159
89	159
1528	1838
1927	2931
788	3215
458	938
402	2336
920	2336
1609	2011
1609	1871
885	3971
114	2402
2101	2402
114	2101
53	2101
2657	3112
140	3556
593	3556
79	2799
225	3683
140	3683
686	2177
200	2177
94	1507
140	3540
593	3540
444	1349
652	3830
140	3830
172	2555
1000	3785
106	330
789	1987
79	2004
56	2004
498	846
188	846
1672	2537
1814	2537
543	2537
114	589
140	4055
3296	4055
823	3870
3205	3906
593	4004
140	4004
212	213
5	212
242	2784
195	1995
458	1995
1046	2959
1028	2959
967	987
974	987
2595	2878
239	275
78	275
140	4003
593	4003
2081	3404
1927	3404
198	407
1416	3655
140	3655
1731	1732
76	1732
287	3743
342	2499
1370	3354
1370	2690
647	914
629	2963
82	2799
618	2784
1817	2784
123	2737
863	1768
2648	3087
140	3632
140	4035
3729	4035
2385	2753
140	3925
3924	3925
2296	3870
342	3870
1817	3870
195	3683
1028	3683
893	3683
140	3954
652	3954
609	860
316	2122
80	2122
2832	2994
221	2832
13	960
200	2243
686	2243
78	283
283	284
1310	1744
246	2856
1139	1870
581	1870
613	1749
91	2048
950	3981
788	2215
788	1416
1416	2215
3292	3559
140	3559
296	1725
873	2931
95	3185
3185	3311
378	2778
1028	2778
875	2256
147	1810
362	1810
1806	1810
362	1806
101	1806
580	3325
374	1032
2010	3050
1817	2048
1053	2048
140	3527
652	3527
929	1227
3733	3735
140	3735
136	1520
244	3020
277	3020
127	2335
114	2335
82	2335
76	1398
385	1398
585	3821
1030	1934
566	1600
884	1346
1346	3115
419	1345
72	2775
1819	3117
1196	1912
593	3821
140	3821
171	2986
114	1411
1411	2297
114	2297
267	2297
1074	4076
647	930
930	2753
140	3579
383	3579
3733	3973
140	3973
286	2118
581	2767
438	3452
140	3452
166	2207
200	2207
1108	1308
486	553
3174	3963
93	1800
1527	2178
2773	3497
1334	3497
178	960
9	1768
140	3497
92	2008
56	2008
960	1500
647	2433
286	2433
95	2430
917	1304
918	3354
380	2117
3480	3969
101	1791
1791	1891
699	2488
2027	2028
56	2027
81	1265
82	1265
82	467
27	2737
54	77
1817	2785
242	2785
876	3231
875	1775
1074	2799
286	2799
155	2540
478	2540
588	2540
1308	3093
1291	3266
593	3463
140	3463
617	707
133	1259
932	1824
2271	2555
1401	2499
1769	2215
3361	3373
140	3373
878	3004
878	1907
1656	1927
458	3477
2793	4060
1030	3828
273	3828
868	1027
1744	3110
770	2268
686	2214
1334	2222
1371	2222
140	3331
3331	3361
221	647
543	1259
78	407
232	407
407	512
221	876
876	885
841	1824
950	1238
82	2898
1371	2995
1711	2641
1711	2593
815	1356
1047	3949
515	2996
342	2454
114	2454
878	2454
851	2178
140	4019
3258	4019
730	2323
2828	3185
145	2106
1116	2561
391	2561
1053	2561
438	3867
140	3867
608	1185
39	1970
140	3976
438	3976
271	2256
133	2375
114	2375
2435	2994
1528	2837
1222	1944
1944	2084
1365	1486
343	894
291	1970
1809	1970
1118	1433
1433	2856
758	1433
939	1802
2253	3497
919	3028
1341	3849
200	2131
175	2131
326	434
78	434
1023	2088
1023	1053
1023	1365
78	182
182	204
781	1129
687	781
551	740
172	2554
483	3117
929	2995
89	2995
1470	2995
342	2457
1927	2457
1253	3626
79	886
82	1051
46	2773
1108	2106
929	1215
127	1215
220	1036
516	1107
1833	1839
1030	1467
305	647
647	1989
16	82
16	56
16	887
588	1259
316	1259
79	1802
138	1802
81	1802
1802	1833
593	3285
2125	2141
56	1979
89	1979
943	1979
530	3122
1927	2433
342	2433
46	2348
913	2430
458	3715
762	1833
79	317
795	1824
1484	2996
2856	2996
1736	1929
1438	2158
1586	2973
647	4049
244	2997
195	1405
76	1405
764	1405
128	2909
296	2435
155	2435
196	197
1888	3311
2659	3073
1633	1935
543	1276
2792	4067
239	3581
75	1776
1414	4063
845	2526
2010	2271
1372	2516
687	3626
606	607
734	3849
734	931
200	2123
1074	2088
223	851
566	941
588	941
1772	2468
928	1792
195	1896
140	4007
608	2577
239	2218
151	2295
151	1783
948	2495
1970	2348
45	2348
932	3234
2470	2886
2886	2953
2470	2953
618	1839
155	3913
1161	1356
910	1448
1202	1932
188	713
540	951
425	3581
340	3581
3269	3823
140	3269
3269	3644
228	1681
76	1681
531	1681
533	1218
898	4080
1089	2142
2814	3143
1028	2814
273	2814
393	1888
442	3316
308	3316
370	3316
1652	2791
339	1652
140	3897
354	3897
3266	3897
1321	2369
3367	3408
1139	1693
236	237
78	237
235	237
76	1358
1358	1359
308	1358
76	1730
1139	1730
106	1730
200	2224
2121	2224
2223	2224
2121	2223
200	2223
2294	2359
114	2359
342	2359
72	4038
316	1693
106	1693
76	1693
458	2772
243	3087
353	3087
444	3087
140	3715
3715	3716
3715	3717
3716	3717
140	3716
140	3652
566	3652
1330	3652
301	2268
566	809
566	810
188	809
188	810
809	810
1028	1569
673	3100
588	2966
2966	3058
3385	3390
3385	3391
140	3385
291	2983
56	2013
79	2013
102	2013
267	2431
2316	2431
114	2431
1817	2754
873	938
1282	1283
390	1282
1281	1282
390	1281
1281	1283
390	1283
1484	2704
416	3564
140	3564
2696	3564
752	1206
752	1163
416	3490
140	3490
3126	3490
418	3231
233	2597
2570	2597
2596	2597
3180	3975
140	3975
588	3975
1192	3363
82	2893
82	2853
82	2894
2853	2893
2853	2894
2893	2894
423	1223
1031	1223
708	1223
501	1174
951	1365
878	2184
127	2184
520	1412
76	1412
452	1412
1824	2994
1578	3354
1578	2690
1578	1824
3431	3689
140	4026
2692	4026
3174	4026
675	1819
76	1714
604	1714
678	1714
225	323
78	323
322	323
985	3340
991	3340
984	3340
416	3754
140	3754
1330	3754
2480	2776
1334	2480
75	2555
93	2555
678	1631
76	1631
604	1631
172	1413
819	1233
800	801
3266	3425
354	3425
140	3425
39	93
39	56
39	342
76	1735
436	1735
1734	1735
1330	3586
575	3586
140	3586
5	3027
1297	2178
700	2178
478	2178
1179	1637
512	2385
240	1791
240	1792
1821	2002
192	2002
56	2002
90	2256
2630	3330
140	3330
3329	3330
2841	4080
1	46
862	4070
188	857
188	856
856	857
504	857
504	856
138	1287
191	1287
1287	1887
138	191
138	1887
191	1887
191	875
191	872
872	1887
875	1887
2572	3414
593	3414
140	3414
273	2787
1193	2787
903	1172
903	1076
393	3657
127	3657
140	3657
1401	1820
555	1820
326	1820
458	1820
3608	3943
3223	3943
5	1365
1546	2609
2621	3051
2635	3051
2682	3051
223	1515
54	162
128	162
83	162
984	986
967	986
985	986
312	1254
255	1254
423	1254
413	1352
419	4069
235	4069
286	4069
140	3804
3802	3804
3803	3804
3802	3803
140	3802
3514	3802
3285	3802
90	1276
879	1276
308	1276
2584	2586
2585	2586
233	2586
627	4027
627	1519
627	1129
449	1129
2575	2639
2570	2639
2462	2465
2461	2465
114	2465
140	4039
467	4039
3145	4039
114	2412
267	2412
2294	2412
11	74
12	74
1876	2041
2041	3696
2041	2686
923	3208
1550	2076
188	791
694	791
3195	4027
502	2078
122	2078
2061	2078
2110	2116
53	2116
1068	2116
53	2110
94	1821
140	3203
241	3203
416	3203
369	2256
369	2254
369	2260
851	1975
2258	3020
2260	3020
2254	3020
851	2878
487	2085
960	2085
1138	2085
380	845
802	1457
76	1457
72	1457
1485	2781
3309	3508
687	1129
200	2247
200	2246
200	2169
2169	2247
2169	2246
2246	2247
588	1482
9	316
578	858
452	858
292	858
188	858
114	2461
2333	2461
2461	2462
2333	2462
2442	2462
114	2462
1873	2732
1821	2732
140	4047
4047	4048
3316	4047
3316	4048
140	4048
458	1510
3292	3498
140	3292
3253	3292
140	3498
3253	3498
876	2117
279	1997
279	2847
566	1293
198	484
53	2114
2114	2115
113	2114
53	2115
113	2115
699	3913
241	3189
398	3189
3062	3189
257	851
186	1666
232	1666
76	1666
140	1666
1666	3219
794	1666
2868	2935
1548	2868
516	2868
3253	3666
3295	3666
1028	1346
449	2028
56	2028
342	2028
1601	2891
2704	2891
949	2891
2176	2980
233	2678
438	2678
140	2678
82	2907
2907	2908
2906	2907
2906	2908
82	2906
82	2908
3438	3906
2689	3812
140	3812
1308	3812
1180	2098
82	2228
78	179
78	181
180	181
179	180
179	181
892	2913
1954	1961
383	3862
140	3862
3861	3862
383	3861
140	3861
73	2917
2912	2917
543	2917
575	3912
140	3912
3406	3912
556	1753
76	1753
1752	1753
556	1752
76	1752
138	1905
1892	1905
887	1905
1108	2555
76	1731
1731	1774
1731	1773
76	1773
1773	1774
76	1774
186	3020
200	2226
2225	2226
2226	2227
2225	2227
200	2225
200	2227
864	1788
188	740
76	740
172	740
652	2687
233	2687
2599	2687
292	3293
140	3293
416	3293
5	919
1546	1823
727	2123
1159	2123
604	2123
308	1416
54	124
56	124
74	124
1410	1824
1357	2971
82	2523
82	2905
2523	2905
223	2905
223	2523
903	1637
770	903
574	903
106	2433
81	2433
114	2433
698	1044
698	1233
698	1166
2417	2418
114	2418
342	2418
114	2417
342	2417
114	644
177	365
78	365
364	365
353	1990
1603	2436
132	257
257	548
257	458
543	2767
171	2990
688	2990
566	2990
114	2058
3274	3275
3274	3276
140	3274
3275	3276
267	2414
114	2414
1783	2414
279	3669
135	2728
1478	2554
171	2978
566	2978
688	2978
244	3012
287	2564
3380	3913
80	2350
263	1880
627	1115
136	1722
76	1722
1425	1722
391	2255
391	2258
140	3329
3329	3434
2630	3329
910	4057
1672	2837
734	2837
2837	3237
656	1759
919	1505
93	1505
76	1505
1168	2500
286	2500
168	2500
1448	3014
616	1472
466	2064
925	2064
362	878
1169	3061
1161	3981
305	1082
1603	2071
406	2673
1112	3844
1668	2272
342	427
140	3265
3264	3265
3265	3266
150	286
1171	2071
1171	1993
1792	1993
3977	3978
3840	3978
140	3978
2922	4057
2192	2248
200	2248
686	2248
200	2192
1616	2192
686	2192
1851	1899
1851	1929
93	327
78	327
172	327
1971	2294
2300	2324
114	2324
2299	2324
2630	3372
2630	3285
2368	2369
115	2369
114	2369
223	2841
82	2841
2538	2841
739	2946
739	1129
653	1129
1129	2946
613	1129
376	1743
376	896
376	1507
15	102
15	112
15	56
95	2118
588	2118
2585	3130
2584	3130
383	3971
192	3971
140	3971
165	4077
239	644
76	1630
473	1630
186	1630
2630	3391
3390	3391
140	3391
3	4
1	3
3	6
3	878
1	4
1053	1705
172	1705
93	1705
76	1705
3108	3573
140	3573
566	3573
1	6
2554	2953
2283	2285
114	2285
2284	2285
2638	2639
438	2639
233	2639
56	938
287	938
90	938
83	938
128	2117
53	2117
1244	4086
2742	4086
147	1811
1811	1812
362	1811
452	918
342	2386
114	2386
1783	2386
3345	3884
140	3884
3650	3884
90	3100
714	755
3352	3593
140	3593
3258	3593
1	45
1	7
1	50
1	49
749	3483
1243	1976
360	4077
1586	4077
95	3196
2630	3747
2630	3746
140	3746
140	3747
3746	3747
2782	2786
1817	2786
242	2786
242	1817
1817	2782
3567	3569
3568	3569
695	915
3766	3795
140	3795
3361	3795
1353	1355
413	1353
1353	1354
549	3094
549	3097
549	3095
751	3033
140	3544
3434	3544
3349	3544
834	1120
3295	3693
566	875
195	1806
1368	1806
487	1806
375	652
566	2335
588	2335
510	2335
423	1219
915	1219
796	1219
383	3636
736	3636
140	3636
114	2403
2292	2403
2291	2403
140	3659
3313	3659
3253	3659
959	2282
567	2595
415	2792
91	2792
927	2792
1389	2128
200	2128
686	2128
128	1911
632	1983
1176	1983
1510	1586
630	4060
937	1674
3264	3622
1175	2856
140	3428
3426	3428
3427	3428
3426	3427
140	3426
868	878
567	1476
114	2371
267	2371
2320	2371
226	3742
226	2753
226	647
80	1675
76	1675
107	1675
1334	2217
893	1781
219	2561
2001	2561
218	2561
82	2886
939	1411
1411	2052
1411	2051
1868	1869
1867	1868
326	1868
1867	1869
326	1869
326	1867
478	2754
803	821
780	3348
419	530
3244	3441
241	3159
292	3159
416	3159
279	2105
1574	2105
918	2105
635	1384
1584	2754
2056	2754
707	2056
3285	3372
835	1443
386	835
470	718
1054	2515
1203	2515
127	2010
501	3483
243	3052
355	3052
734	3052
220	370
136	220
1419	2057
2122	2176
200	2122
2122	2210
53	2106
121	2106
78	363
3796	3797
2630	3796
140	3796
2630	3797
3423	3797
140	3797
3689	3766
452	698
515	698
188	698
2323	2478
1817	2115
286	2115
1935	2115
563	2115
1076	2115
516	2982
171	2982
564	2982
299	3051
354	3051
243	3051
615	950
2935	3842
291	3214
2288	3139
1072	1406
876	1041
140	3378
3357	3378
2630	3378
932	939
1118	2111
77	1528
72	77
77	95
1546	1708
2737	3981
563	3911
140	3911
3114	3911
1945	2081
563	1823
76	1510
195	1510
319	1510
353	3276
741	2053
922	2724
45	1970
91	1970
56	1970
1470	2117
950	1228
2475	2553
915	4076
140	3995
1443	2513
279	1849
1153	1849
515	1849
140	3924
140	3705
958	1611
370	2117
143	1098
932	1847
675	1519
446	3869
292	3869
140	3869
219	591
118	330
128	2856
82	2856
115	2856
127	2385
114	2385
582	748
188	748
499	748
530	1112
3253	3745
140	3745
3251	3745
2692	3571
383	3571
140	3571
3571	4049
3571	3849
3333	3920
140	3484
438	3484
2630	3484
1535	1854
554	1595
2694	3091
804	4049
1601	4049
232	718
188	718
13	959
477	3174
644	3971
1357	3971
232	3971
860	1961
860	939
1276	2601
1276	2773
1276	2939
99	1817
1817	2847
301	1796
1139	1796
290	1796
82	1954
470	2073
131	2952
3278	3873
3249	3873
140	3873
706	3114
781	3245
478	3497
1717	1718
1716	1718
1716	1717
76	1717
1824	2641
658	2641
2593	2641
305	1108
784	2666
3446	3836
438	3446
140	3446
732	1775
1775	3370
140	3451
566	3451
613	3451
3435	3436
2628	3436
140	3436
1308	2695
2694	2695
233	2695
140	3326
3326	3327
3325	3326
2323	4076
1891	4091
915	1066
502	1066
423	1066
423	1243
600	3237
590	2142
590	1756
331	590
331	1756
125	964
125	963
125	965
963	964
964	965
963	965
763	2546
2545	2546
172	2546
172	2545
763	2545
172	763
95	931
83	931
898	931
1927	3215
114	2313
2295	2313
2313	2314
172	392
279	392
78	392
273	1404
340	2526
880	2526
1927	2098
1384	2854
54	125
1365	1504
2900	3174
416	2900
350	1993
55	232
2476	3237
495	3054
540	2856
2215	2856
111	2856
107	161
145	161
54	161
340	4060
3491	4060
1639	3020
229	3020
930	2509
188	781
652	2647
233	2647
2599	2647
83	944
879	944
878	944
1185	3134
416	3134
241	3134
391	2509
140	3926
951	2088
1517	2210
1517	2176
1891	1918
279	604
2810	2911
75	2810
73	2810
79	2070
1903	2927
73	2927
156	2927
75	2927
3523	3791
3245	3791
123	2718
123	2111
3733	3734
140	3734
3697	3734
3697	3733
140	3697
297	2323
297	929
447	928
437	1443
1034	1303
527	3949
140	3785
370	3785
102	3785
1139	3785
745	1821
198	540
1862	2176
197	2176
454	950
950	1186
887	3271
106	3271
1519	1520
76	1520
118	1520
305	2792
2264	2792
901	1153
223	3100
223	1052
109	330
330	2328
330	2323
56	2019
2018	2019
2019	2020
2018	2020
56	2020
56	2018
3280	3295
3290	3295
2272	3383
140	3383
3226	3383
1076	1981
734	1981
1164	1981
543	2083
56	2007
824	2007
878	2007
74	2007
95	3144
781	3308
638	781
652	781
279	1574
796	1065
423	1065
915	1065
128	2480
2001	3513
1547	2516
1183	1756
273	1467
76	1467
591	1467
2056	2994
695	4082
937	1837
1823	3215
2228	2770
111	2770
918	2106
79	2106
106	2106
1139	2106
515	2106
588	1595
76	1595
136	1595
566	3859
2215	3185
458	2485
168	2485
343	2485
383	1944
107	2138
200	2138
1616	2138
140	3828
1308	3828
383	3828
79	2994
2323	2994
1202	2994
76	1780
449	1780
385	1780
1308	3776
166	1847
109	2118
53	2118
81	2118
231	1602
339	2791
2791	2792
1541	2791
2055	3491
2052	3491
939	3491
711	3120
195	4094
596	1034
577	1034
114	2381
2300	2381
86	2381
86	2300
171	2983
1528	2983
114	894
140	3355
2602	3355
255	3355
530	795
1783	2458
520	2942
171	2942
2941	2942
184	3205
937	2009
106	2009
56	2009
887	2009
951	1981
155	1981
56	1981
1118	2856
2994	3682
875	2816
709	2510
1098	2743
1078	1198
670	1764
1546	1950
1517	1950
1950	2234
657	2594
140	3665
593	3665
1330	3665
630	3491
1319	1392
1862	2277
1028	2429
140	3662
3364	3662
3258	3662
3258	3364
140	3364
824	1553
78	204
21	204
189	204
21	78
78	189
21	189
1443	3012
386	3012
458	3012
93	3012
1783	2452
959	1783
695	4083
1365	1893
416	3901
707	3870
3354	3870
2753	3870
140	3870
76	1617
1459	1617
458	1617
1617	2515
3578	3709
140	3709
3266	3709
2474	2506
764	1048
1122	1547
1069	2856
1768	2913
543	2913
2912	2913
73	2913
864	876
2082	2928
684	1460
1460	1461
76	1460
531	1447
76	1447
537	1447
647	3128
200	2121
2121	2184
1486	2121
1316	3968
2605	3793
2605	3970
2605	3727
2630	3964
652	3964
140	3964
279	2911
73	2911
160	1357
2056	2555
1139	2555
481	2555
2061	2555
1320	3447
241	3029
243	3029
243	3069
3029	3069
225	3029
225	3069
604	2149
1055	2149
140	3190
1316	3190
241	3190
1046	2524
1526	3174
553	2055
553	2058
553	2559
115	2368
1334	2719
1323	2719
734	2921
78	437
929	2117
707	3323
301	1517
1016	3725
140	3725
3724	3725
3305	3689
140	3689
3689	3690
3913	4057
1993	2071
1228	1383
2215	3669
225	3669
593	3600
794	3600
140	3600
2299	2340
114	2340
2300	2340
1482	1727
884	1872
449	2747
950	2524
950	3933
145	3497
195	3497
647	939
2841	2994
291	2773
974	1022
973	1022
972	1022
652	3389
971	1009
969	1009
76	1720
488	1720
587	1720
520	1720
126	1546
1695	2215
1227	1487
1227	4062
2294	3036
2294	3027
1768	2294
2294	2729
95	1832
326	1832
1831	1832
2746	3067
349	1221
2630	3415
3251	3415
140	3415
55	172
45	878
95	718
718	1528
458	718
556	1823
132	693
1419	2972
331	1089
530	3288
682	1476
458	2499
742	3100
172	617
136	617
76	1648
300	1648
106	1648
172	2526
175	3439
823	1123
588	1663
140	2589
406	2589
233	2589
1020	3356
707	1030
1706	1707
76	1706
591	1706
1395	4007
939	1993
1993	2082
320	1993
3673	3813
3258	3813
140	3813
353	1356
1031	1356
1234	1356
83	886
90	886
623	731
686	2149
686	2200
1944	3442
1185	1944
1176	1944
652	1944
1122	1782
2323	2550
2090	2323
90	4086
264	4086
3470	3569
3472	3569
140	3569
157	1910
1396	3844
2744	3076
730	1202
1031	1345
2620	3495
2620	2633
79	1926
175	1863
215	1863
326	1863
1361	1511
1129	4027
1519	4027
2666	2694
823	3498
1306	3498
1077	3498
339	2793
2792	2793
594	2792
127	2793
588	926
554	926
3258	3372
3237	3859
147	2275
1756	3696
3028	3696
1824	3177
3126	3249
3126	3278
3249	3278
383	3278
140	3278
383	3249
299	3249
140	3249
383	4042
140	4042
136	4042
694	2860
863	2190
215	3034
2697	3034
243	3034
1348	1356
370	1348
413	1348
184	3438
331	589
884	2726
82	2092
588	1898
588	1899
360	2081
1093	1593
269	1593
80	1593
295	656
1099	1243
799	3325
239	254
350	1971
350	1891
184	1325
1161	3072
454	1186
342	811
811	1138
465	811
2779	2954
2776	3645
1334	3645
1971	2098
2097	2098
53	2098
301	2098
1971	2097
53	2097
1964	2097
1964	1971
53	1964
870	2098
870	1053
518	3058
802	1039
409	2098
1817	2098
1053	2098
286	2098
1240	1502
1053	2900
1817	2900
1547	2515
1459	1547
1218	2367
386	1247
960	2860
939	2582
225	939
233	939
1139	2792
147	2792
331	1821
402	1898
896	1507
896	1743
939	943
123	277
113	441
370	1345
1637	4079
574	4079
195	2986
378	2726
2718	2726
2726	2737
901	2529
930	2064
1459	2064
2064	2515
402	621
805	2398
241	3213
354	3213
416	3213
620	2090
368	2090
5	2737
1544	3904
1756	2142
543	833
833	1057
430	3386
652	3907
140	3907
383	3907
718	929
271	718
718	913
1793	1802
290	1802
893	1802
1802	2486
1802	2473
286	1802
2008	3626
2008	3419
2008	4023
3419	4023
3626	4023
140	4023
3419	3626
140	3419
140	3626
353	3626
72	3626
219	3626
221	3626
219	353
3422	3588
2630	3422
713	929
3118	3359
507	4068
1357	2781
2776	2996
1309	3786
1303	1309
1309	1328
851	2965
380	1107
380	2592
377	685
1727	4093
550	4093
441	3482
82	2900
86	2900
342	2900
102	2900
2294	2711
286	1695
233	2638
652	3363
3174	3363
1177	3363
140	3363
1005	2630
3313	3824
140	3824
3251	3824
273	4008
716	4008
4008	4063
621	2262
554	2262
1960	2977
924	2932
1182	2953
1048	3632
2047	2732
81	2732
109	2732
1824	3063
90	2759
785	1472
1150	3021
1384	1951
2320	2425
83	940
2096	2746
2118	2637
970	4046
875	2977
2577	3506
3506	3507
140	3506
2577	3507
140	3507
426	2367
618	1217
647	1416
437	458
552	1864
277	908
83	908
866	908
874	908
140	976
976	3376
1222	2084
284	1434
1434	2669
1434	1990
188	617
677	1370
155	297
1205	1545
1063	1545
1527	1545
924	3632
370	3632
1139	3632
481	3632
2138	2750
1118	2138
2138	4063
769	3933
82	1962
79	439
724	3793
3793	3970
140	3793
3727	3793
225	3793
46	950
2856	3792
652	3997
1603	1941
443	2118
458	2118
2118	2753
286	422
1151	1376
126	2721
393	3996
286	2526
919	2093
470	757
1838	2041
1836	2041
439	2271
466	930
1781	4084
930	1483
873	930
458	2554
470	1983
380	2526
1430	3699
187	3699
187	3209
137	2550
458	3821
195	3821
343	3821
694	3821
403	1983
1236	1983
2300	2354
751	2759
2706	3913
919	2832
107	2832
217	375
824	2117
56	1952
1139	1952
426	2774
960	2922
391	2728
391	3027
391	3129
1643	3427
172	297
78	297
56	1982
91	1383
76	1383
1383	1486
107	1383
1371	1860
3547	3548
299	3548
299	3547
1196	1817
2630	3361
261	1917
1917	2081
2323	2921
2737	3065
54	153
2001	2994
1764	1870
555	1764
107	2508
1028	2878
2878	2932
458	2878
1401	2878
1443	2878
1819	2878
1435	3027
1363	3027
1435	2737
543	1435
1435	2718
1363	2718
920	1909
589	3046
726	2694
3124	3767
694	2385
1578	3103
236	457
869	2071
198	960
3447	4046
3296	4046
1028	2764
235	2764
378	2764
458	2513
297	2469
1032	2469
297	1032
297	1060
3251	3857
3313	3857
140	3857
123	144
1010	2621
1010	1320
1507	3926
241	3085
443	721
721	2948
721	1824
27	1927
2001	2965
1619	2296
1584	1824
478	1584
794	4068
880	1803
1202	2103
2103	2323
2529	2922
2575	3776
1880	3776
217	1040
409	439
93	439
78	439
102	439
2629	3470
374	1028
140	2491
82	1792
140	3669
128	246
2680	3508
5	1359
1459	3129
932	3129
1357	2022
644	2022
198	2022
1340	2022
82	2022
82	2040
2022	2040
56	2022
455	2022
1063	3185
595	3185
82	2606
2630	4053
483	1511
1028	4081
273	3497
1139	3497
823	3497
1817	3497
1053	3497
75	3497
910	3497
1458	1983
123	2720
742	1218
543	1218
910	1116
2189	2718
543	3086
243	3086
851	1039
1175	1622
1149	1304
55	904
3076	3237
1764	2509
927	1552
1375	2981
123	3237
123	823
1311	2776
240	1851
501	958
501	1443
1470	3669
238	239
78	238
238	240
195	238
3026	3218
90	937
386	3140
1443	3140
466	2564
3244	3440
426	3390
401	3390
292	3390
449	627
1917	1945
566	2751
415	927
91	927
1443	2932
1028	2932
851	2932
1030	1623
3361	3766
971	4046
244	288
88	3914
140	3906
3370	3906
873	1483
3546	3567
1775	2623
458	2623
795	1472
502	2841
1519	2510
343	909
90	758
1069	3076
232	2745
319	2748
217	652
125	244
2790	3050
1656	3060
90	930
1053	1849
114	2350
128	2350
92	3669
652	1584
476	1028
1416	3597
443	1416
546	3482
546	1326
2288	2498
151	2782
647	2782
822	2782
343	1041
9	82
9	81
9	56
9	1139
9	823
529	1092
673	1218
915	1218
123	1028
123	273
123	887
123	301
86	123
106	123
54	123
123	145
503	2654
713	1883
72	3533
1552	2144
927	2111
121	1993
305	3231
3352	3522
3303	3352
3025	3174
1759	3209
570	960
235	236
1107	2592
483	1361
1824	3168
349	479
95	1329
556	1329
1016	3724
127	2041
316	607
2041	2718
471	1215
668	1215
563	2509
550	1727
870	1817
83	927
74	927
802	927
79	940
46	1649
851	1218
423	1218
1324	3594
229	3594
1224	2111
198	2323
1835	1983
555	1129
228	1661
1499	1661
215	1661
76	1661
315	1762
1762	3035
114	2437
2383	2437
2436	2437
342	2437
1421	2915
887	2915
1	54
1	55
1	53
1	56
939	1852
933	1852
1852	2398
93	110
110	155
74	110
54	110
525	2018
174	1975
3748	4084
3598	4084
3318	4084
2568	4084
418	3914
937	1876
1819	3311
2110	2953
692	2110
712	3187
574	3187
75	1526
239	4095
2052	4095
4094	4095
939	4095
2052	4094
239	4094
939	4094
1182	1478
1182	2144
620	1182
3581	3872
3872	3942
140	3872
3548	3872
140	3548
3548	3581
3548	3942
3581	3942
1443	3444
872	2530
378	2530
1202	2530
172	2530
172	2552
2672	2674
2672	2673
2671	2672
233	2672
1547	2931
519	1593
3362	3732
140	3732
3731	3732
2612	3732
186	1404
1403	1404
2195	2196
200	2196
2194	2196
2193	2196
200	2193
200	2194
200	2195
2193	2194
2194	2195
2193	2195
423	1225
370	1225
639	1225
1028	1225
522	958
1018	3199
3457	3460
3457	3459
3457	3458
140	3457
3458	3460
3458	3459
140	3458
829	3107
1819	1847
326	1819
3014	3174
3014	3129
226	1059
226	2950
3372	3514
3290	3372
3372	3811
140	3372
624	1167
576	1167
994	3440
994	3356
1393	2268
1303	2587
241	3185
353	3185
140	3185
2572	3185
1160	3128
2713	2730
140	3572
2588	3572
3572	3966
2615	3572
443	3168
292	3168
213	3168
241	3168
2625	3581
2625	4013
140	4013
593	4013
3581	4013
140	3581
593	3581
2629	3323
730	2011
1783	2322
1028	3926
444	3926
734	3926
273	3926
292	3224
416	3224
241	3224
2579	3224
2298	2315
2308	2315
2315	2316
114	2315
114	2373
342	2373
2303	2373
296	2373
1819	2654
1161	3843
1538	3705
958	1538
340	2367
499	2367
543	2367
582	2367
1586	2367
1178	2524
2029	2926
2142	2926
149	2926
73	2926
935	936
97	935
83	935
165	935
799	1137
799	1771
525	799
820	1470
2630	3887
3259	3887
3279	3887
140	3887
345	1149
215	1149
520	1570
1569	1570
452	1570
76	1570
574	603
582	1149
1149	1325
1149	1236
423	1149
188	814
801	3100
76	1614
556	1614
480	1614
478	1614
1830	1881
4	74
4	878
4	50
4	910
4	49
140	3285
3285	3289
3285	3367
3285	3514
2051	2785
2058	2785
2079	2785
939	2785
409	1936
878	1747
2263	2662
233	2662
735	2662
2662	2663
2666	3947
2667	3947
127	699
78	422
566	1991
1991	3792
551	1991
1603	2303
1138	1603
1893	2088
2630	3554
2630	3551
588	3020
241	3020
292	3020
175	3020
458	4021
1783	2427
267	2427
114	2427
2424	2427
1783	2424
893	916
3465	3729
140	3729
3309	3729
3729	3773
140	3814
3465	3814
3244	3814
3309	3814
370	3386
579	763
499	763
188	763
524	763
3466	4053
140	4053
3552	4053
3295	4053
3266	3577
3577	3578
140	3577
354	3577
354	3578
140	3578
3266	3578
354	3266
443	2256
3400	3445
3267	3445
3418	3445
140	3445
2576	2646
84	2148
756	1409
1443	3924
458	3924
3705	3924
958	3924
1569	2956
808	1569
2568	2745
2612	2745
1320	2745
2648	2745
878	958
1139	1898
1108	1898
140	3936
2691	3936
3935	3936
3934	3936
140	3934
140	3935
2691	3935
3934	3935
2691	3934
1070	1517
122	2057
700	2520
2401	2406
2308	2406
2322	2406
1137	1961
1320	3092
3092	3135
383	3092
621	920
242	1645
1645	2781
1645	2782
1645	2780
2781	2782
242	2781
2780	2781
242	2780
2780	2782
2516	2517
306	2517
343	2517
458	2517
331	1997
331	2832
3268	3773
108	286
108	1835
496	873
3295	3356
3461	3773
1111	3385
452	3385
573	3385
444	3385
2468	2756
343	3705
226	2763
226	2046
2691	2692
233	2691
416	2691
140	2691
449	1700
76	1700
780	1700
481	1700
82	2817
82	2860
82	570
1470	2817
1117	2860
128	2860
292	3321
1330	3321
140	3321
575	3321
823	1037
423	1037
1026	1037
603	1037
10	13
12	13
11	13
1	13
1	12
1	11
1	10
11	12
10	11
10	12
891	1425
121	1792
121	1171
923	1484
2568	3362
140	3362
2612	3362
3362	3731
140	3731
416	3731
2612	3731
2568	3731
1482	1587
76	1587
513	1587
1523	1587
3245	3264
3368	3766
3289	3368
3367	3368
140	3368
474	694
241	3198
292	3198
3196	3198
1198	3198
444	1593
76	1593
678	1593
1042	1593
972	1002
973	1002
974	1002
967	1002
1357	2011
512	2011
1326	3508
1328	3508
770	794
140	3560
446	3560
3118	3560
3560	3561
396	2718
1303	2588
1303	2574
1303	2572
548	3197
548	2613
548	2577
653	3782
140	3782
383	3782
652	3782
560	2083
823	2083
239	1792
239	1791
1252	2986
454	2986
308	2986
2550	2986
1884	1929
319	3386
1586	3386
1149	2218
1041	3848
918	1171
3173	3342
904	2382
1293	3174
939	1384
78	329
823	3099
243	3099
477	3099
3099	3100
2290	2438
2291	2438
2305	2438
114	2438
2290	2305
114	2305
2291	2305
2292	2305
114	2291
2291	2292
2290	2291
114	2292
2292	2411
2290	2292
2292	2410
2290	2411
2290	2410
114	2290
114	2410
2410	2411
114	2411
653	831
566	831
504	831
188	831
1178	2254
375	2022
504	2022
1300	2022
373	2022
375	1300
373	1300
504	1300
373	823
3945	3946
3666	3945
3944	3945
140	3945
140	3944
3666	3944
3944	3946
140	3946
140	3666
3666	3946
3251	3875
140	3875
3875	3877
3875	3876
3876	3877
140	3876
3251	3876
467	482
114	2282
1783	2282
342	2282
2282	2303
3500	3503
140	3503
3502	3503
3501	3503
140	3500
140	3502
140	3501
3501	3502
3500	3502
3500	3501
3058	4062
406	3149
225	3149
241	3149
2160	3149
388	501
501	1165
273	501
501	863
413	1356
370	1356
1342	1356
1349	1356
1342	1349
370	1349
413	1349
370	1342
413	1342
1645	1647
1645	1646
680	1646
1646	1647
76	1646
155	1129
3253	3563
3563	3596
140	3563
3563	3982
1819	4027
526	1819
122	2070
511	1639
524	1639
2743	2945
1069	2945
1163	3959
1026	3959
1152	3959
478	1703
76	1703
562	1703
136	1703
292	4038
2679	4038
140	4038
314	4038
3367	3514
140	3668
3667	3668
3315	3668
3570	3668
3315	3667
140	3667
3473	3667
3570	3667
2630	3667
1220	2741
1153	2542
244	2542
172	2542
379	2747
1338	2747
2591	2747
2591	2916
1338	2916
379	2916
83	427
346	427
1392	3144
1392	2263
55	156
55	2047
55	1976
55	56
53	55
54	55
255	3453
99	100
100	102
54	100
86	100
301	1795
1789	1795
1139	1795
290	1795
1122	2261
893	1220
1140	1220
423	1220
915	1220
250	2110
2919	3028
94	102
486	863
604	1680
107	1680
316	1680
76	1680
510	1218
704	1218
478	1218
1218	1824
796	1218
426	1218
913	1218
644	4059
374	644
2619	3077
2673	2674
2671	2674
225	2674
233	2674
233	2673
225	2673
2671	2673
588	1578
75	2542
1552	2542
89	2542
155	2542
967	968
968	971
968	970
968	969
3440	3441
695	1401
575	3984
505	3984
1308	3984
140	3984
413	1347
1345	1347
235	1347
1346	1347
1345	1346
235	1345
413	1345
413	1346
235	1346
301	1864
1122	1864
440	1864
1202	2350
1202	1352
804	3201
241	3201
2573	3201
336	3201
2773	3981
133	3981
137	1197
1302	2592
113	2042
128	2042
2041	2042
56	2042
113	2041
1129	2510
675	1129
265	1129
423	1129
1129	1443
1443	1519
773	3630
438	3630
2630	3630
140	3630
1637	2983
2594	2983
745	2983
89	1759
46	1759
9	2630
9	1330
9	3334
106	272
1997	3036
801	2215
331	409
140	3893
140	3892
1330	3892
575	3892
3892	3893
1330	3893
575	3893
1229	3311
537	1482
1482	1523
513	1482
76	1482
3939	3940
3938	3939
593	3939
140	3939
140	3938
593	3938
3938	3940
140	3940
593	3940
673	1650
2263	2550
1252	2263
3309	3773
3465	3773
3296	3773
695	1470
3470	3977
383	3977
3840	3977
140	3977
383	3840
140	3840
3470	3840
383	3470
297	2468
297	1145
297	939
416	932
613	932
370	932
839	3044
635	4063
635	1101
267	2082
364	3777
2269	3777
2405	2407
2320	2407
114	2407
2406	2407
114	2406
2320	2406
2405	2406
2320	2405
114	2405
1739	1741
76	1739
1739	1740
1591	1739
1740	1741
1591	1741
76	1741
76	1740
76	1591
1591	1740
1320	2620
80	1679
84	1679
76	1679
221	1679
426	1679
727	1679
56	94
82	94
54	94
94	109
1078	2103
271	2117
894	2117
420	2117
90	2117
814	1989
153	1535
153	626
416	3239
241	3239
3238	3239
724	3239
56	1024
1023	1024
363	1024
115	1024
56	1023
56	363
115	1023
363	1023
115	363
1092	3065
543	757
188	757
545	757
497	757
423	1186
766	1186
915	1186
604	1186
1316	2740
707	1606
1606	2753
647	1606
443	1606
90	1259
910	1259
107	1259
920	1259
81	1259
1139	1259
56	1259
112	1259
96	150
1906	2337
1183	1764
1118	4060
1233	4060
273	4060
1139	4060
443	1118
2288	2789
488	1848
1835	1848
326	1848
228	1848
1919	3311
1919	3026
647	1919
1919	3161
3550	3551
3466	3550
140	3550
3550	3552
2157	2161
200	2161
2158	2161
2141	2161
2141	2158
200	2141
2141	2157
2157	2158
385	2711
1330	3062
566	3621
588	3621
2860	3243
225	3221
241	3221
255	3221
140	3221
2303	2367
114	2367
267	2367
86	2367
342	2367
3582	3584
2630	3584
3583	3584
2630	3582
3582	3583
140	3582
82	1908
226	2323
851	1851
1851	2953
2588	3966
864	1953
151	1352
528	1151
180	3464
106	3464
340	3464
140	3464
286	1373
2702	4034
416	3194
315	3194
241	3194
2573	3194
438	4022
736	4022
140	4022
735	4022
1083	2261
3210	3225
1560	3060
539	1718
76	1718
473	1718
136	1718
243	3097
243	3095
243	3096
243	3094
3095	3096
3094	3096
3096	3097
3094	3095
3094	3097
3095	3097
1588	4067
1078	2564
102	1908
360	1908
138	1908
56	1908
887	1908
415	905
415	1960
415	2189
884	2744
1051	2744
562	2744
93	2744
3350	3447
90	1585
1769	1770
804	1769
215	1769
76	1769
3147	3229
241	3229
592	3229
353	3229
867	1171
244	3005
140	3882
3767	3882
3109	3882
1320	3882
143	1590
357	1590
215	1590
76	1590
859	2495
76	1511
3541	3542
140	3541
3244	3541
3530	3541
140	3542
3309	3542
3530	3542
3244	3542
461	3024
244	3024
659	3024
3024	3025
140	3367
3367	3766
3289	3367
3258	3367
228	1872
326	1872
230	1872
686	1872
195	2517
1864	2517
2517	2971
1824	2517
1864	2971
398	2658
241	2658
225	2658
233	2658
520	1537
223	796
223	1162
223	666
223	3016
134	223
1234	4065
1236	1325
3259	3408
140	3408
3258	3408
3260	3408
794	2605
370	1500
1028	1500
215	1500
228	1500
76	1500
1499	1500
720	1044
73	2920
2920	2921
2920	2922
233	2634
353	2634
225	2634
2634	2635
1334	1966
362	1808
362	1807
362	1809
1807	1808
1808	1809
101	1808
101	1807
101	1809
155	806
215	806
76	806
188	806
586	3199
241	3199
225	3199
140	3199
427	805
221	427
218	427
78	427
426	427
131	2088
1051	1117
3030	3177
383	3483
772	3483
593	3483
140	3483
9	416
9	184
9	1672
9	3844
9	273
537	1755
76	1755
1754	1755
513	1755
76	1754
537	1754
513	1754
2501	3508
2501	2630
336	4041
852	4041
140	4041
2708	4041
1100	1211
2260	3933
1178	2260
233	2636
2572	2636
2519	2564
174	2385
151	3688
151	2615
151	2630
213	2623
3765	3860
3302	3860
140	3860
3692	3860
2630	3860
568	3723
505	3723
335	3723
2630	3466
3302	3466
3261	3466
143	1243
882	1243
93	1243
1130	3150
820	1677
531	1677
76	1677
513	1677
681	1149
1149	1301
292	3163
2607	3163
2608	3163
241	3163
1436	4025
1756	1893
2295	2360
267	2360
2298	2360
114	2360
2604	2605
2149	2157
2149	2200
200	2149
2149	2167
200	2167
200	2200
200	2157
2167	2200
2157	2167
2157	2200
426	4079
516	1158
945	3028
959	1874
326	1874
1381	1874
114	1874
215	2919
2919	2955
458	3102
660	744
1161	1221
669	2793
669	1115
3316	3570
3315	3316
3314	3315
206	1544
307	1544
1372	1373
1183	1372
215	1372
149	422
156	422
75	422
402	422
78	125
56	125
125	172
125	287
823	2521
74	371
240	1192
1094	1192
321	686
321	1169
321	2564
321	1028
318	1040
485	1573
531	1573
801	3215
287	2010
600	601
188	600
2793	4079
150	2847
90	413
413	1355
413	1354
78	413
1073	1089
1767	3786
461	2001
461	758
3258	3868
140	3868
3290	3868
3525	3868
929	1594
331	1118
874	2054
342	2054
385	2054
122	2054
165	2024
56	2024
112	2024
81	2024
2264	3354
329	2604
329	1657
329	1076
1367	2921
706	1652
1935	3995
2570	2596
852	1514
1514	2595
140	3719
3719	3721
3719	3722
3719	3720
140	3720
140	3722
3720	3722
3721	3722
3720	3721
551	756
3421	3422
140	3422
3422	3423
3422	3424
3421	3424
3423	3424
140	3424
2516	2969
2515	2969
343	2969
1472	4027
1203	1459
1054	1459
772	1567
76	1567
146	1567
509	1567
149	169
1453	2593
1453	1824
1941	3021
2936	3162
2593	3162
3514	3671
3514	3766
3356	3833
2630	3833
438	3833
140	3833
2718	3981
1814	2775
1134	2992
1026	1716
1233	1716
543	1394
647	3611
3216	3611
140	3611
393	3611
1541	2792
339	2792
2790	2792
127	2792
155	1039
423	1039
89	1039
1039	1196
920	1039
242	289
114	242
82	242
78	242
78	196
1813	2651
873	2010
1422	2856
1061	1422
2264	2706
2264	2690
279	1568
694	2093
1966	3599
4088	4090
4087	4090
237	4090
4089	4090
237	4088
237	4087
237	4089
4088	4089
4087	4088
4087	4089
391	2776
1185	3206
292	3206
416	3206
241	3206
188	609
498	609
497	609
543	609
75	217
217	934
217	1478
3289	3514
3514	3811
3290	3514
140	3514
3289	3811
3290	3811
3692	3811
140	3811
225	1670
1670	2655
3421	3423
140	3421
3421	3528
3421	3800
140	3423
3423	3528
3423	3800
2630	3423
3170	3276
1308	3276
652	3276
575	3276
140	3276
1884	2070
2070	2954
1674	2215
151	3174
2594	2922
1207	2922
2006	2014
875	2014
1936	2014
232	567
567	851
550	567
564	567
567	606
188	567
2630	3789
140	3789
383	3789
438	3789
3209	3699
575	3699
2729	4007
140	2638
438	2638
2638	3825
2638	3724
3724	3825
438	3825
140	3825
1765	2886
582	1329
136	1329
234	1329
681	1329
1911	2951
3263	3323
443	2274
79	3743
458	3705
958	3705
441	3705
1443	3705
876	928
501	551
458	501
501	588
1202	2860
342	2860
2817	2860
146	2860
523	2860
195	2860
380	2860
308	2860
134	2860
360	3004
530	3728
1713	3054
1033	2595
513	1625
76	1625
531	1625
537	1625
396	726
145	396
396	2715
396	1507
543	3696
1748	2640
56	2040
192	2040
1477	1542
960	1542
492	1542
716	1542
194	1542
76	1542
1168	2490
286	2490
2490	2491
168	2490
2251	3208
2254	3208
2250	3208
646	1084
2854	2918
308	1117
1371	2136
116	2136
676	2136
937	2136
751	2800
742	2800
560	2800
543	2800
93	2950
227	2950
118	2385
224	2385
2188	2210
2125	2210
2176	2210
200	2210
2125	2188
2176	2188
200	2188
2125	2176
662	2176
3345	4046
969	4046
989	4046
140	4046
370	927
1150	1202
354	617
299	617
617	652
617	1667
948	2603
114	2090
2090	2430
2011	2430
114	2011
243	3074
83	868
867	868
866	868
868	869
335	3523
3245	3523
2630	3508
1953	2898
109	2898
1947	2898
959	2898
118	2898
46	1330
640	1485
641	1485
427	2753
427	3742
427	3743
427	3604
851	2950
506	2091
1517	1626
681	2922
101	1812
362	1812
102	1812
147	1812
2781	2954
1884	2781
324	2781
2750	2781
804	1369
146	1369
76	1369
215	1369
2408	2743
3389	3523
140	3389
3389	3963
593	3389
3523	3963
140	3963
593	3963
140	3523
593	3523
171	2979
2920	2979
2931	2979
195	2979
578	1670
780	1547
762	916
916	950
83	916
915	916
83	950
3733	3774
798	1483
534	543
900	1762
1038	1847
402	1893
893	2915
186	1721
155	1721
802	1721
76	1721
1914	1997
1214	3058
632	2385
600	1090
927	4063
1138	1987
164	223
587	1360
255	3645
2263	3645
140	3645
416	3645
3289	3692
1834	1835
1834	1849
326	1834
875	1834
813	1834
90	1834
1175	1966
2630	3947
3583	3947
1327	3947
140	3947
2630	3583
1327	2630
1327	3583
140	3583
339	2794
342	2790
147	2790
147	2787
2288	2787
430	2712
602	1129
1129	1519
1129	1205
572	1129
602	1519
1205	1519
572	1205
386	1498
1443	1498
458	1498
156	876
102	1535
114	1535
915	2059
1158	2059
122	2059
2059	2060
1484	2856
2199	2856
2010	2856
2199	2941
1484	2941
2010	2941
2010	2199
1484	2199
1484	2010
2856	2941
3743	3999
991	3996
2630	3996
2630	3434
140	3434
140	3996
127	3996
984	3996
985	3996
3434	3996
3349	3434
984	3434
991	3434
985	3434
574	1472
574	1637
720	3215
758	2501
730	2501
254	928
140	3375
3109	3375
383	3375
654	3375
458	795
188	795
481	795
668	795
795	2056
1337	2790
525	2790
79	263
277	957
83	957
368	957
957	958
735	3333
2569	3333
1552	2763
2041	2763
1307	3173
383	3676
140	3676
1159	3676
3209	3676
1546	2600
1951	2479
144	2921
166	2921
685	2921
686	2921
312	3183
1927	3981
3430	3432
3258	3432
3431	3432
140	3432
3258	3431
140	3431
3430	3431
3431	3766
876	1171
543	730
193	1626
119	1626
80	1626
764	1626
76	1626
277	2739
2724	2739
2738	2739
378	2739
2724	2738
277	2738
378	2738
195	932
83	932
291	932
805	3513
319	2976
171	2976
1934	2976
2962	2976
934	2961
2951	2961
2651	3843
3237	3843
292	3843
3843	3844
140	3843
3843	3845
2972	3776
402	2103
1053	2103
915	2103
2088	2103
187	2856
758	2856
187	758
140	3877
3251	3877
3313	3877
3253	3877
140	3810
3118	3810
3634	3810
383	3810
3118	3634
203	580
107	2125
200	2125
662	2125
2125	2190
1471	2782
286	2782
286	1713
1207	1308
694	2303
252	2303
243	3085
3066	3085
724	3085
3065	3085
2215	3148
3148	4025
836	3148
3148	3215
1421	1670
373	585
373	423
373	504
375	504
3234	3235
200	2134
2134	2136
1517	2134
2134	2135
1517	2136
200	2136
2135	2136
1517	2135
200	2135
887	1299
360	1299
54	126
583	823
880	948
244	3021
241	3183
2610	3183
255	3183
383	3183
3183	3381
1313	4034
140	4034
3325	4034
1320	4034
1314	4034
837	2010
544	2010
837	2728
544	2728
2010	2728
423	1100
823	1100
603	1100
1100	3187
915	1100
758	2001
679	3427
219	679
219	3427
292	679
516	679
188	679
551	679
329	1559
985	3349
988	3349
991	3349
984	3349
2503	2563
224	1547
804	1712
146	1712
76	1712
215	1712
1419	2992
297	1909
297	1094
297	2470
240	297
1094	2470
240	2470
1909	2470
1927	2470
913	2470
2084	2470
1817	2470
596	2470
1206	4017
1515	2737
652	1747
2685	3956
736	3956
140	3956
2269	3956
910	1060
910	1086
1571	1728
136	1571
492	1571
76	1571
2632	3904
1054	1237
1237	2529
893	1237
915	1237
423	1237
1153	1237
820	1613
277	2841
140	3471
3470	3471
3323	3471
3471	3472
3470	3472
140	3470
3323	3470
140	3472
3323	3472
1365	2749
1164	2596
2596	3844
596	2596
560	2596
136	2596
274	1747
3315	3570
875	2070
2637	3323
378	2719
286	2719
2719	2725
2719	2724
286	2725
2724	2725
378	2725
282	2090
282	1028
282	1046
282	2091
347	776
419	1050
2945	2960
286	2724
277	2724
378	2724
90	2724
155	2724
89	2724
1243	1939
240	1243
1243	1899
1243	1756
1243	1914
1756	1914
1068	2981
1068	2495
286	2754
3369	3969
93	3669
1568	1976
1976	2328
343	1472
1472	2510
1443	1472
458	1472
53	645
288	343
288	458
413	1351
2079	2515
2058	2515
539	2079
1459	2079
155	2079
1170	1763
454	1763
897	1763
504	634
505	634
188	634
499	634
218	2928
600	602
566	3918
416	3918
140	3918
845	3918
2619	3918
93	1764
1747	4063
841	842
188	841
171	841
564	841
1151	1565
2111	3981
1334	3981
2601	3981
531	1727
76	1727
416	1727
592	1727
537	1727
3195	3846
3195	3314
1297	4007
3354	3951
313	3959
530	1442
1207	1998
73	2923
156	2923
75	2923
149	2923
1384	3035
1304	1662
652	1783
1783	3994
165	1900
870	1900
138	1900
114	1900
267	2603
3246	3264
78	317
76	317
232	317
419	533
378	2746
642	2746
2228	2746
1334	2746
1323	2746
1304	2746
3245	3532
3246	3532
140	3532
383	3532
943	3237
985	988
988	991
984	988
140	1416
76	1416
106	1416
136	1416
7	851
1459	2142
1459	2144
2142	2144
734	1569
53	1713
503	4027
878	3172
526	2056
408	419
252	419
3267	3733
140	3733
3344	3733
3251	3733
454	3181
147	1586
381	1338
1118	1898
1146	1502
2977	3233
791	1927
1738	2669
1171	2766
804	2524
734	2524
2919	2960
1471	2919
688	2919
175	2919
551	3348
1082	4068
3345	3650
1572	1599
354	3223
537	1629
1028	1747
2628	3491
3226	3491
492	876
241	3235
2637	3951
3263	3951
180	3646
593	3646
140	3646
592	3646
578	677
578	633
578	659
340	3491
618	1817
516	618
441	618
188	618
481	618
618	780
618	1139
314	1599
526	3074
1409	1824
704	1409
510	1409
292	1409
91	2928
1000	3670
1213	1490
1233	1490
273	1490
263	1490
348	530
348	798
177	178
178	232
3061	3143
892	3061
506	2935
1663	2701
1663	2664
1775	1819
652	1611
79	1158
78	324
2572	3543
3157	3543
568	3543
140	3543
416	649
127	1643
524	1628
579	1628
946	2211
1086	1227
423	1227
382	1227
915	1227
1028	1227
802	1687
686	1687
76	1687
136	1687
353	2064
353	2063
2064	2554
1547	2064
1547	2063
2063	2554
188	646
1846	2742
203	3728
215	1764
949	1764
1109	2818
1879	2790
2790	2975
391	707
391	2253
6	50
898	1365
416	1747
851	1747
76	1747
273	1747
136	1747
13	128
136	1613
416	1613
531	1613
76	1613
1429	1613