140	4032
56	1956
74	259
78	302
114	2293
90	2864
78	395
390	1271
27	1819
140	3923
142	390
82	2903
200	2170
390	1284
140	3656
200	2172
2868	3924
82	2814
140	3937
887	2771
1	29
200	2124
366	2119
1588	2454
98	390
929	2375
286	2639
288	960
82	2885
200	2205
939	3959
114	2467
390	1275
56	2026
1013	2621
1	41
78	390
82	2222
54	130
1552	3003
140	3989
140	3409
78	214
155	965
2449	3968
2111	2857
76	1751
76	1582
82	2875
54	157
1824	2449
140	3353
82	2879
114	2466
140	3960
76	1580
147	1436
101	1437
140	3637
390	1280
1053	2009
114	2319
200	2133
286	3014
385	1792
46	966
114	2422
82	2811
1806	2798
140	3301
1970	2109
78	248
342	2525
184	3870
76	1557
1259	3334
140	3834
9	390
1821	3603
82	2896
1	40
76	1512
140	3343
78	311
1	57
51	3844
114	2280
140	3562
114	2464
114	2312
395	1202
391	3426
200	2204
82	2845
140	4024
78	352
82	2859
27	1287
140	3708
140	3855
127	2810
1927	1979
78	325
929	2392
78	262
76	1374
56	1940
82	2796
200	2146
56	1955
56	1942
919	1972
140	4009
590	2868
78	266
114	2343
140	3879
200	2132
76	1766
82	2897
195	3617
82	2877
76	1724
56	1968
114	2379
725	3174
82	2887
62	1725
82	2864
39	2737
1	26
140	4036
2111	2855
74	311
200	2159
1802	2088
279	3960
56	2025
1	60
893	2785
114	2389
1809	2022
2400	2718
78	414
1819	3477
950	3926
78	411
1345	2746
140	3761
140	3898
114	2345
74	432
1927	2103
200	2163
543	3752
122	2069
200	2209
1	18
56	2043
200	2208
1809	3732
904	3246
244	3003
225	2882
54	139
239	4093
1768	2009
82	2824
1	8
45	1588
76	1641
114	2420
56	2035
1819	2118
140	3603
200	2236
76	1671
82	2805
82	1705
823	2274
60	1725
82	2848
82	2890
1355	2254
390	1272
56	2021
76	1378
390	1261
82	2797
44	1588
140	3874
140	3837
140	3883
78	190
172	2557
140	3615
114	2463
1053	2389
1	25
140	3718
140	3277
140	3589
2348	2867
140	3620
76	1609
78	394
1725	3649
114	2416
1355	1806
140	3654
308	3780
140	3764
875	3785
1139	1273
140	3420
82	2840
390	1256
78	321
1	64
140	3972
182	1287
140	3347
1914	3245
878	2000
53	2104
140	3819
82	2871
76	1733
140	3254
82	2801
1560	3743
82	2846
82	2854
140	3429
200	2245
244	2999
390	1278
2939	3368
1747	1817
82	2868
76	1450
78	201
140	3538
1139	1271
390	1267
140	3456
1118	1987
74	214
56	1959
188	855
53	2102
140	4044
1	48
791	2922
554	2525
82	2823
51	316
140	3783
140	3633
543	2860
140	3856
390	1285
140	3974
76	1779
200	2180
56	1992
1	31
2666	2837
1588	4042
647	2677
2253	2837
140	3993
56	2012
82	2837
56	2044
922	1747
56	1999
1605	3311
82	2834
140	3257
82	2904
78	356
176	1287
56	2016
244	3011
200	2156
60	109
188	683
200	2231
78	361
915	2970
82	2843
76	1437
82	2849
1028	1265
9	1053
82	2842
140	3504
1691	2575
244	3009
1273	1806
76	1497
2348	3785
200	2230
1552	2864
78	298
56	2030
78	282
53	2095
1	65
114	2339
114	2334
59	2737
125	966
1	35
80	3762
244	3002
82	2891
78	351
200	2219
140	3852
76	1540
53	2099
140	3730
60	273
56	2032
140	3787
200	2249
885	960
775	1943
128	3330
82	2884
390	1277
82	2795
114	2342
1	22
200	2201
82	2808
82	755
62	3844
76	1627
423	1067
60	1330
1	42
140	3961
390	1273
114	2445
458	1194
76	1561
114	2409
333	516
172	2523
81	2564
82	2881
200	2222
140	3980
78	294
127	1705
76	1417
200	2147
707	3546
76	1719
1	17
1	62
114	2391
880	2587
71	72
200	2199
140	3392
140	4040
140	3545
1105	3027
82	2800
101	2679
114	2289
2253	3463
2737	2837
56	1972
39	878
1	58
56	1995
54	117
56	1985
1641	2522
113	1546
107	3726
82	2872
200	2162
734	1923
140	3509
1615	2947
140	3592
76	1480
188	843
449	2069
188	697
1168	2753
140	3403
200	2198
82	2835
200	2155
1	47
76	1610
1806	2730
1369	2746
1257	1806
1768	3872
82	2899
1	37
243	3090
244	3018
734	2839
1	36
140	3983
123	707
1139	3960
2015	2189
114	2441
887	2392
78	337
140	3953
284	1182
114	2387
82	2889
78	460
82	2526
2036	2720
225	1265
140	4043
82	2863
244	2998
1448	1806
140	3627
114	2395
82	2822
54	103
390	1268
737	2158
878	2063
2429	2737
78	453
553	1365
114	2390
195	3871
200	2166
114	2393
101	786
1	63
114	2366
1	43
1	51
960	1595
929	3785
391	3169
140	3775
200	2212
140	3557
65	2718
140	3931
56	1967
1822	2736
140	3250
3027	3820
1988	2737
416	2867
56	1949
2413	2666
1	70
244	3000
423	1201
114	2400
2057	2947
78	397
140	4029
1833	2856
140	3493
878	3699
82	2809
140	4052
82	1273
390	1265
82	2874
114	2384
1	30
78	433
78	256
1817	3015
128	1432
244	3026
1806	2288
78	435
2086	2087
82	2806
54	152
200	2233
200	2220
880	1973
114	2426
140	3675
54	98
1430	2257
876	1259
45	2737
114	2347
2741	4087
140	3801
78	366
390	1259
78	303
244	2995
390	1260
426	2185
918	3174
1819	1995
114	2455
59	878
1	38
140	3677
140	3987
200	2137
82	2802
1139	2875
188	717
76	1638
140	3752
78	216
1	28
41	1768
82	2852
140	3660
1747	2737
140	3648
78	210
1	32
375	2271
439	1116
1	24
1	61
56	1948
188	637
123	2773
172	2522
76	1694
82	2839
200	2244
114	2421
200	2154
140	3555
82	2827
140	3772
82	2876
59	1970
151	2332
140	3602
274	1531
117	390
78	432
78	369
390	1263
82	2862
56	2005
82	1747
76	1636
62	316
140	3612
1007	3655
114	2374
1	19
140	4000
200	2120
1161	1660
200	2240
140	3910
200	2130
78	211
1280	1806
876	2516
62	2348
78	304
78	259
82	2803
140	3921
82	2857
1	34
140	3534
200	2153
288	2088
114	2302
53	2094
78	209
2394	2666
1308	1370
140	3706
114	2325
87	1902
140	3805
51	109
1806	2875
78	334
411	851
391	3234
140	3991
56	1957
140	3866
1	68
200	2242
25	74
2662	3956
78	285
91	3336
1987	2832
76	1589
56	1973
56	2034
327	585
133	2867
140	3469
114	2304
172	2556
94	1725
1083	3634
78	222
39	1588
200	2235
90	2837
114	2346
82	2878
1	69
54	170
140	4037
200	2197
1	59
423	1062
244	3022
114	2370
60	2348
114	2327
0	1
62	3334
200	2183
114	2311
140	3854
114	2394
1	2
82	2870
82	2866
82	2825
56	1990
1852	2253
76	1440
76	1726
2063	2111
200	2173
56	1994
76	1444
114	2338
114	2399
140	3401
16	1365
114	2428
1053	1347
140	3393
1	67
140	3664
140	3686
56	2023
82	2895
140	3891
122	2077
1817	3030
82	2869
140	4005
114	2432
140	3751
78	387
387	478
1800	2753
82	2867
76	1489
78	421
140	3614
82	2882
1629	3293
200	2127
76	1701
114	2423
74	282
78	332
140	3780
140	3822
974	1021
78	258
1053	2839
56	1984
114	2318
519	2476
1	66
82	2830
82	2831
1833	2014
390	1262
46	1700
140	3416
78	328
140	3902
140	3433
52	1768
1028	2254
76	1456
140	3558
51	823
200	2232
950	3082
82	2813
1899	2941
114	2301
2868	2966
76	1462
380	2718
244	3017
114	2344
78	396
140	3917
1265	1768
78	445
140	4033
76	1715
200	2164
78	278
76	1522
140	3300
128	3669
200	2139
76	1400
3027	3497
1	20
35	1768
78	268
59	81
76	1386
82	2838
878	1988
647	2394
82	2873
200	2143
114	2434
140	3886
2199	3027
82	2901
1053	2837
78	247
200	2202
114	2361
2720	2864
172	2548
140	3282
342	2531
387	851
1265	1970
140	3853
56	2038
1691	2533
127	574
1768	2254
54	104
880	1957
76	1556
78	310
82	2844
203	893
76	1576
56	1963
2253	3635
1	52
172	2531
1330	1943
1139	3820
140	3784
76	1418
200	2221
140	3590
370	2831
172	2539
114	2307
530	4008
82	2836
46	1723
140	3847
286	1414
56	1958
1768	2831
188	514
140	3779
566	1964
566	2850
880	1943
82	2820
82	2826
114	2453
396	3174
76	1518
140	3397
811	948
114	2353
390	1258
3208	3325
114	833
76	1750
188	725
172	2525
140	3962
114	2456
2013	2271
389	3027
1	33
200	2238
56	1983
76	1446
9	2348
15	1806
1	21
82	2855
443	1259
1768	3368
2392	2718
200	2241
114	2356
543	1705
140	3986
56	2037
390	1270
76	1577
1270	1806
566	1833
75	1271
200	2174
140	3328
1286	1471
3057	3913
114	2329
95	3061
360	2918
114	2317
292	1971
390	1264
140	3694
140	3919
82	2804
9	1725
200	2151
419	3767
44	878
390	1276
1	14
53	2108
140	3905
200	2171
82	2819
1	23
76	1758
78	410
200	2150
114	2413
147	3649
2111	3136
390	1274
172	2537
114	2358
606	3205
53	2113
140	3820
390	1266
82	2902
402	679
200	2129
76	1536
188	849
82	2880
78	412
188	605
992	2753
82	2888
140	3979
1806	2837
76	1530
200	2239
78	376
929	2367
200	2187
114	2404
200	2203
78	431
172	2544
390	1257
2379	2737
56	1965
114	2446
59	1588
385	3168
140	4045
76	1644
543	3700
543	2905
1028	1617
775	3452
114	2440
74	421
581	1870
1139	1870
172	202
78	202
200	2191
200	2206
2191	2206
54	105
105	167
54	167
76	1415
75	1415
78	275
239	275
140	3496
1330	3496
114	589
3536	3835
140	3835
90	1448
39	1970
44	56
1	44
3333	3536
140	3536
2648	3087
107	1980
56	1980
2215	4010
140	4010
1	27
899	1909
1023	1365
2657	3112
140	3526
3526	3527
823	2892
273	2892
9	1768
1656	1927
140	3790
2630	3790
140	3497
140	3499
3476	3499
2737	3960
1768	3960
540	951
2700	3611
39	81
2610	3608
281	3641
140	3641
2315	2439
114	2439
56	2003
82	2003
2659	3073
79	2799
1316	3753
140	3753
140	4054
2630	4054
140	3908
3710	3908
86	2112
53	2112
449	2077
136	2077
172	2549
279	2549
360	2391
1310	1744
76	1664
462	1664
140	3642
3333	3642
1334	3870
79	1802
140	3351
1666	3351
3733	3973
140	3973
3217	4011
140	4011
845	2526
53	2100
245	2100
140	3287
2630	3287
1	39
140	3930
772	3930
3678	3679
140	3678
1371	2222
1370	2690
1370	3354
316	1503
76	1503
128	2909
140	3387
3387	3388
188	790
504	790
151	2295
1	5
192	903
83	903
3733	3735
140	3735
140	3807
3266	3807
81	2000
56	2000
1478	3710
140	3710
1470	2430
140	3929
3928	3929
140	3928
2913	3061
3607	3823
2630	3619
929	1215
140	3927
2699	3927
82	2858
151	2858
1783	2349
114	2349
140	3909
2215	3909
885	2561
2561	3200
1927	3404
2081	3404
1028	4090
893	4090
140	3829
383	3829
54	148
102	148
107	1605
1806	1810
2715	2716
378	2716
82	1051
580	3325
2547	2551
172	2547
172	2551
2088	2799
56	2017
56	2033
2017	2033
618	1839
239	3581
2296	3870
79	3669
54	163
54	142
142	163
2254	3568
2260	3568
242	428
78	428
82	2851
82	2829
2829	2851
343	2013
458	2013
56	1988
81	1988
114	2351
2351	2352
114	2352
127	2335
13	961
74	961
841	1824
3276	3985
140	3985
291	1970
1527	2178
79	902
83	902
1028	2778
378	2778
140	3539
2630	3539
3352	3802
287	3743
114	2443
342	2443
929	1979
172	2540
114	2388
2287	2388
114	2287
2263	3228
241	3228
255	3262
140	3262
147	1810
362	1810
223	1203
588	3619
140	3619
1583	1584
76	1583
458	1995
195	1995
54	77
199	208
78	199
78	208
140	3880
3707	3880
520	1605
76	1605
1975	2085
949	2062
805	2062
140	3204
241	3204
140	3474
3295	3474
2567	3632
140	3632
46	2348
2630	3871
140	3871
233	2681
593	2681
390	1269
390	1279
1269	1279
922	2882
93	2882
3291	3295
140	3291
282	2088
513	1898
140	3579
383	3579
76	1699
444	1699
3449	3476
140	3449
140	3476
2748	3141
213	710
2800	3103
617	707
868	1027
1585	1844
90	1844
3292	4058
140	4058
140	3629
140	3628
3628	3629
360	3649
140	3510
1330	3510
140	3712
3541	3712
470	3007
451	3007
113	551
140	3413
213	3413
316	1698
76	1698
1	9
2630	3467
140	3467
140	3591
2630	3591
441	1469
76	1469
1565	2516
354	3781
140	3781
273	3828
1030	3828
3616	3617
78	253
78	176
342	3870
140	3519
3519	3549
686	2195
2430	2510
95	2430
593	2649
233	2649
932	3234
94	1507
342	2286
114	2286
82	467
3086	3174
127	3926
140	3663
2630	3663
3332	3333
140	3332
1586	2973
172	2541
195	1896
554	3975
56	1974
102	1974
1672	3896
74	182
74	204
140	4016
3823	4016
140	3851
3379	3851
114	2372
267	2372
175	1673
76	1673
2271	2555
76	1684
316	1684
54	129
89	129
200	2140
2140	2182
200	2182
82	1265
3575	3576
140	3575
140	3576
246	2856
188	832
691	832
92	2008
56	2008
893	3683
1028	3683
195	3683
140	3454
3295	3454
2323	2522
359	370
78	359
267	657
458	601
1769	3386
1307	2817
46	2773
316	1506
76	1506
78	212
588	619
188	619
483	1198
2099	3601
2099	3460
76	1509
186	1509
893	1794
290	1794
3795	4014
3258	3515
140	3515
3924	3925
140	3925
140	3341
2630	3341
74	962
13	962
3733	3878
140	3878
2433	3311
114	2457
140	3256
2630	3256
1801	2098
136	2433
281	3955
140	3955
1222	1944
1944	2084
82	2009
566	1448
339	2788
127	2788
76	1525
316	1525
1053	2817
2812	2821
82	2821
82	2812
1809	1970
788	1416
316	1501
76	1501
286	2799
1793	2900
458	2219
1401	2219
74	176
74	253
176	253
81	2892
82	2892
1334	2222
2222	2601
309	3401
309	1182
585	3821
3849	3850
140	3850
140	3613
3285	3613
54	158
158	159
928	1792
1802	1817
3333	3411
140	3411
151	3295
1161	1356
2625	4007
233	2688
140	2688
1414	4063
91	2527
172	2527
140	3559
3292	3559
186	1658
76	1658
102	2415
114	2415
932	1485
1713	2105
53	2105
3296	4055
140	4055
1483	3743
1483	3311
2773	3669
1304	3669
186	1575
76	1575
123	2737
82	2799
1074	2799
554	1171
3208	4093
873	2931
3530	3531
140	3531
140	3661
2630	3661
939	2385
89	159
54	159
1432	1958
286	1432
286	1958
69	2630
69	140
69	588
140	3700
584	3700
3280	3998
140	3998
2029	2981
72	2775
182	204
78	182
108	2444
114	2444
762	1833
903	2972
903	1419
1371	2995
967	1012
974	1012
732	893
123	200
1053	4060
316	1411
76	1411
530	3122
188	728
480	728
914	2637
686	2177
200	2177
1223	2599
2281	2380
114	2281
114	2380
140	3830
652	3830
301	3870
1793	3870
1334	1490
1182	2013
1182	3401
2013	3401
1116	2561
686	2185
200	2185
140	3889
140	3888
3888	3889
316	1402
76	1402
566	941
156	1776
1334	2084
815	1356
242	277
1744	3110
1108	1308
1736	1929
1308	3093
114	2365
2305	2365
647	4049
609	860
171	2986
56	1979
520	1702
76	1702
376	887
1783	3245
795	1824
79	317
75	2522
910	2522
543	2537
1023	2088
1023	1053
178	960
606	607
2633	4051
140	4051
2064	2564
618	2784
878	3004
644	1813
736	3266
343	894
2817	3677
570	3677
101	2001
1817	2785
242	2785
2915	3924
958	2915
770	2268
652	3527
140	3527
1578	2800
151	2110
76	1745
1373	1745
221	647
1171	3050
516	2106
342	2499
1053	4023
677	4023
202	4060
202	4059
566	1600
140	4014
140	4015
4014	4015
1208	1312
1312	1819
283	284
78	283
140	3932
3108	3932
1202	1932
512	2771
543	2771
1217	3027
370	2548
2548	4063
140	3511
3295	3511
3258	4019
140	4019
18	316
18	416
172	2532
402	2532
101	1806
362	1806
93	1800
730	1154
932	2323
46	1806
140	3450
3258	3450
16	82
520	3881
140	3881
2753	3906
3251	3283
140	3283
1838	1927
78	434
326	434
789	1987
76	1709
89	1709
878	1907
140	4007
114	2402
2101	2402
114	2101
53	2101
686	2243
200	2243
144	2900
1817	2784
242	2784
2828	3185
2125	2141
95	3185
3185	3311
887	1969
3841	3992
140	3992
788	3215
788	2215
244	3007
370	3007
915	3007
200	2131
175	2131
1528	1838
151	287
93	2454
342	2454
1821	2103
1890	2103
1416	2215
2178	2237
200	2237
200	2178
932	1824
3729	4035
140	4035
277	3020
244	3020
875	3669
82	2807
2022	2807
416	3537
140	3537
1470	2385
781	1129
16	887
16	56
1	16
80	2856
316	1398
1474	1559
486	553
1080	3849
2435	2994
913	2430
458	1347
188	713
887	1265
81	1265
1484	2996
2630	3808
140	3808
1291	3266
1924	2253
149	2253
581	2767
1953	3010
929	1227
78	191
629	2963
56	2027
2027	2028
512	1154
919	3028
56	2036
277	2036
188	846
498	846
1030	1934
343	2541
114	2454
878	2454
3388	3492
140	3388
316	1463
76	1463
172	2555
593	3463
140	3463
1547	2925
473	2925
876	3497
2121	2126
200	2126
588	2540
478	2540
155	2540
791	2303
2630	3658
140	3658
140	3758
3658	3758
2010	2271
876	3231
3258	3553
140	3553
1818	1819
458	938
647	2892
2892	3311
1304	2482
2082	2482
225	3683
140	3683
1824	1884
136	1520
593	3540
140	3540
863	1768
2608	4026
1223	3230
138	1802
919	4060
885	3971
79	2004
56	2004
76	1642
1613	1642
918	3354
3220	3793
316	2122
80	2122
1196	1912
82	2865
156	2865
127	1215
235	4073
155	4073
1028	4073
1711	2593
1711	2641
984	2828
1108	2106
212	213
5	212
200	2123
3174	3963
569	4060
1	15
1950	2720
1950	2039
56	1950
458	3715
875	2254
42	93
42	316
140	3556
593	3556
220	1036
223	851
140	3858
446	3858
647	2433
1401	2499
929	932
1416	3655
140	3655
2878	3173
1401	3173
82	2335
114	2335
2667	3610
2832	2994
221	2832
82	2850
82	2818
2818	2850
1118	1433
1433	2856
1036	1493
140	3452
438	3452
385	3969
140	3617
416	3617
851	2178
140	4006
3255	4006
140	3255
2630	3255
1813	2263
296	1725
884	2457
155	2457
1030	1467
4059	4060
374	4060
699	2488
1609	1871
1609	2011
75	1776
1365	1486
172	2554
1047	3949
1470	2995
89	2995
929	2995
252	2995
82	2828
2385	2753
79	886
114	2375
133	2375
2088	2278
282	1365
282	2089
1365	2089
1053	2089
2088	2089
1089	1443
1084	3809
1127	3809
917	1304
95	1474
2015	2341
114	2341
516	1107
271	2256
46	1000
588	941
1824	2512
939	1802
419	1914
1345	1914
374	1032
483	3117
95	3477
140	3653
3624	3653
910	1448
56	1969
659	1969
960	1500
2142	2783
803	2783
875	2543
172	2543
1046	2959
1028	2959
1182	2856
3505	3638
140	3638
140	3505
188	729
78	330
106	330
95	1618
76	1618
273	1618
385	1398
76	1398
585	3541
815	3541
593	4004
140	4004
1817	3870
823	3870
114	2376
267	2376
458	1818
326	1818
2253	3497
1977	1986
56	1977
56	1986
27	2737
1031	4064
235	4064
943	1979
89	1979
458	2541
595	2541
1218	2040
742	2040
950	1237
2793	4060
114	1411
1411	2297
114	2297
267	2297
974	987
967	987
122	2085
1033	2512
440	1725
730	2323
62	1053
62	109
316	1591
577	2055
1611	2603
147	947
83	947
822	931
2294	3050
2601	3330
1000	3785
151	1783
82	2798
81	2798
1139	2798
2234	2480
1164	3099
948	2495
918	1945
543	1647
195	1405
140	3405
3405	3514
1731	1732
76	1732
3251	3649
140	3649
884	1346
1346	3115
91	2377
114	2377
2595	2878
3242	3966
82	2810
3434	3943
686	2214
196	197
647	914
3372	3373
140	3373
3361	3373
1772	2468
444	1349
647	3231
305	647
1817	2048
1053	2048
91	2048
56	2048
114	2392
133	2392
647	1989
740	4027
449	1820
3364	3365
140	3365
342	1581
76	1581
82	2898
876	1371
200	2152
2121	2152
343	1772
200	2186
200	2168
2168	2186
2816	2994
560	1431
76	1431
155	3913
587	1584
1672	2537
1814	2537
1769	2215
1943	2718
1768	1943
1341	3849
734	3849
316	1723
166	2207
200	2207
875	2256
1833	1839
244	2997
438	3867
140	3867
1074	4076
931	3161
734	931
81	1802
1802	1833
200	2181
2179	2181
200	2179
53	2103
112	2103
114	2435
296	2435
155	2435
56	333
78	333
140	3306
3259	3306
1736	3038
1894	3311
1888	3311
593	3284
140	3284
56	1943
133	1943
53	2109
101	2109
140	3957
3273	3957
286	2433
1927	2433
342	2433
2470	2886
2470	2953
407	512
232	407
531	3273
140	3273
593	3285
1532	3093
140	4008
3314	4008
145	2106
376	3115
1253	3626
2815	2833
82	2815
82	2833
286	3926
13	960
140	3674
3317	3674
1819	3117
3331	3361
140	3331
2773	3497
1334	3497
687	781
3205	3906
875	1775
2687	3237
2792	4067
1139	3969
608	1185
608	2577
140	3890
3626	3890
974	980
967	980
652	3954
140	3954
140	3595
3427	3595
195	2816
391	2561
1053	2561
140	3916
3109	3916
742	1394
1438	2158
1970	2348
45	2348
15	133
593	3762
140	3762
1828	1951
734	1850
670	2928
613	1749
1633	1935
1665	1793
655	1725
1138	1366
1366	2085
271	3100
501	1696
2855	3699
380	2855
380	3699
2117	3699
566	1936
764	1405
76	1405
342	2457
1927	2457
2941	3477
458	3477
178	499
687	3626
959	2350
419	1345
1046	2429
1171	2111
1793	2433
543	1276
1074	2088
543	1259
647	2857
3626	3681
140	3681
1927	2931
217	594
2886	2953
140	3976
438	3976
140	4003
593	4003
515	2996
2856	2996
78	257
950	1238
80	1554
875	2900
823	3914
78	407
198	407
407	960
380	876
380	2117
816	2117
1927	2118
286	2118
1001	2753
647	1001
101	1791
1791	1891
1528	2837
593	3821
140	3821
133	1259
3480	3969
950	3981
151	1880
221	876
876	885
588	1259
316	1259
551	740
647	2783
658	4093
2010	3050
466	699
1372	2516
239	2218
2743	4094
402	2336
920	2336
1139	2883
758	1433
647	930
930	2753
470	2073
706	3114
140	3190
1316	3190
241	3190
3406	3912
140	3912
575	3912
721	2948
443	721
734	3052
355	3052
243	3052
391	2258
391	2255
501	1174
78	327
93	327
172	327
308	1416
147	1811
362	1811
1811	1812
123	277
708	1223
1031	1223
423	1223
1010	2621
1010	1320
442	3316
308	3316
370	3316
186	1666
232	1666
76	1666
1578	2690
1578	3354
1578	1824
2176	2980
78	237
236	237
235	237
1507	3926
879	944
878	944
83	944
915	1219
423	1219
796	1219
132	693
3446	3836
140	3446
438	3446
326	1832
95	1832
1831	1832
543	2083
1482	1727
172	392
78	392
279	392
1053	2900
1817	2900
1358	1359
76	1358
308	1358
1546	1823
3266	3709
140	3709
3578	3709
3523	3791
2018	2019
2019	2020
56	2019
56	2020
2018	2020
749	3483
452	1412
520	1412
76	1412
223	1515
2853	2893
82	2853
2853	2894
2893	2894
82	2894
82	2893
200	2122
2122	2210
2122	2176
1122	1782
114	2417
114	2418
342	2417
2417	2418
342	2418
188	740
76	740
172	740
647	3128
1823	3215
1775	2623
200	2138
107	2138
1616	2138
114	2386
342	2386
1783	2386
72	1457
802	1457
76	1457
2215	3185
495	3054
75	2555
93	2555
140	3995
444	3087
243	3087
353	3087
292	3159
241	3159
416	3159
1484	2704
56	1981
155	1981
951	1981
600	3237
1330	3652
140	3652
566	3652
140	3971
192	3971
383	3971
3325	3326
140	3326
3326	3327
188	748
582	748
499	748
1224	2111
330	2323
1030	1623
487	1806
1368	1806
195	1806
1365	1504
678	1714
604	1714
76	1714
1276	2601
1276	2939
1276	2773
3114	3911
140	3911
563	3911
458	2554
76	1617
1668	2272
627	1115
168	2500
1168	2500
286	2500
2254	3020
2258	3020
2260	3020
2912	2917
73	2917
543	2917
107	2508
2008	3419
2008	4023
2008	3626
423	1066
915	1066
502	1066
215	1863
175	1863
326	1863
919	1505
93	1505
76	1505
2935	3842
5	919
353	3276
876	2117
79	2994
2323	2994
1202	2994
3292	3498
140	3292
3253	3292
3253	3498
140	3498
138	191
191	1287
1287	1887
138	1287
138	1887
3422	3588
458	1617
1617	2515
1459	1617
862	4070
932	939
82	1954
1544	3904
1164	1981
1076	1981
734	1981
763	2545
763	2546
172	2546
172	2545
2545	2546
739	1129
739	2946
653	1129
1129	2946
613	1129
851	2878
140	3746
2630	3746
3746	3747
140	3747
2630	3747
2814	3143
273	2814
1028	2814
223	2841
2538	2841
82	2841
297	2323
1716	1717
1716	1718
76	1717
1717	1718
887	2009
106	2009
56	2009
937	2009
316	607
342	811
437	1443
3352	3522
11	74
12	74
56	1952
1139	1952
235	236
114	2414
267	2414
1783	2414
2001	2965
239	254
632	1983
1176	1983
73	2913
1	46
2215	3669
1330	3665
140	3665
593	3665
292	3869
140	3869
446	3869
2118	2637
458	2485
168	2485
343	2485
804	4049
1601	4049
114	2385
127	2385
588	1482
2056	2555
79	439
875	2977
618	1217
809	810
188	810
566	810
188	809
566	809
3126	3490
140	3490
416	3490
2052	3491
2055	3491
1903	2927
2841	4080
3724	3725
140	3725
1016	3725
970	4046
90	938
1297	2178
478	2178
700	2178
1028	1569
1108	2555
95	3196
107	2832
919	2832
76	1720
3118	3359
549	3095
549	3097
549	3094
125	244
136	4042
140	4042
383	4042
123	144
930	2509
3029	3069
225	3069
243	3069
243	3029
241	3029
225	3029
1851	1929
1851	1899
423	1065
796	1065
915	1065
140	3924
140	3705
140	3828
1308	3828
383	3828
77	1528
72	77
77	95
76	1730
1139	1730
106	1730
3274	3276
3275	3276
140	3274
3274	3275
76	1520
118	1520
1519	1520
1824	2641
658	2641
2593	2641
200	2128
1389	2128
686	2128
2189	2718
1419	2972
2294	3027
2294	3036
2523	2905
82	2523
223	2523
82	2905
223	2905
140	3586
575	3586
1330	3586
530	795
233	2678
438	2678
140	2678
3264	3622
1179	1637
56	1982
3571	3849
3571	4049
501	3483
1764	2509
269	1593
1093	1593
80	1593
2692	3571
383	3571
140	3571
192	2002
1821	2002
56	2002
76	1735
1734	1735
436	1735
299	3249
1821	2732
1873	2732
292	3293
140	3293
416	3293
1089	2142
716	4008
4008	4063
273	4008
851	2965
2692	4026
140	4026
3174	4026
2138	2750
1118	2138
2138	4063
2577	3507
2577	3506
3506	3507
140	3507
140	3506
102	2013
79	2013
56	2013
918	2106
140	3715
140	3716
3716	3717
3715	3717
3715	3716
3385	3390
3385	3391
140	3385
140	3785
370	3785
1139	3785
102	3785
416	3213
354	3213
241	3213
1470	3669
1793	1802
290	1802
918	2105
279	2105
1574	2105
76	1753
1752	1753
556	1753
76	1752
556	1752
478	3497
83	886
90	886
140	3862
383	3862
3861	3862
383	3861
140	3861
1410	1824
1308	3776
553	2559
553	2055
553	2058
286	1802
1652	2791
339	1652
3076	3237
529	1092
3796	3797
140	3796
2630	3796
1459	3129
570	960
90	4086
3269	3823
140	3269
3269	3644
279	1849
1153	1849
515	1849
423	1254
255	1254
312	1254
86	2381
2300	2381
114	2381
86	2300
707	1030
118	330
109	330
330	2328
413	1352
764	1048
3364	3662
3258	3662
140	3662
140	3364
3258	3364
554	926
588	926
851	1039
1547	2516
53	2106
121	2106
79	2106
127	2010
588	2966
2966	3058
3245	3791
140	3265
3264	3265
3265	3266
503	2654
1161	3981
1425	1722
76	1722
136	1722
83	931
95	931
898	931
2602	3355
140	3355
255	3355
2791	2792
339	2791
1541	2791
1159	2123
727	2123
604	2123
2620	3495
805	2398
2912	2913
869	2071
15	102
15	56
15	112
3313	3659
140	3659
3253	3659
95	718
718	1528
2837	3237
1672	2837
734	2837
90	2256
590	2142
590	1756
331	590
2737	3065
470	1983
1218	2367
426	2367
114	2359
342	2359
2294	2359
2313	2314
2295	2313
114	2313
2480	2776
1334	2480
140	3425
354	3425
3266	3425
200	2225
2225	2226
2225	2227
2226	2227
200	2227
200	2226
1234	1356
2283	2285
114	2285
2284	2285
3673	3813
140	3813
3258	3813
939	943
292	858
501	958
501	1443
240	1792
240	1791
72	3533
915	4076
319	2748
140	3884
3345	3884
3650	3884
82	2040
82	2022
2022	2040
3223	3943
3608	3943
566	1293
920	1909
1619	2296
884	1872
795	1472
1118	2111
781	3308
2630	3330
140	3330
3329	3330
305	1082
45	1970
91	1970
56	1970
901	1153
502	2841
416	3203
140	3203
241	3203
438	2639
2638	2639
458	2623
76	1648
300	1648
106	1648
231	1602
566	2751
932	1847
714	755
2779	2954
140	3391
2630	3391
3390	3391
223	1052
223	3100
823	1123
2323	4076
353	1990
875	2816
1550	2076
415	2792
91	2792
927	2792
140	3926
794	1666
140	1666
1666	3219
326	1869
1867	1869
1868	1869
326	1868
326	1867
1867	1868
78	204
78	189
21	78
189	204
21	204
21	189
3380	3913
273	1404
426	2774
82	2606
903	1172
903	1076
864	876
2680	3508
588	1663
851	1975
94	1821
82	1792
2630	3378
3357	3378
140	3378
340	2526
924	2932
39	56
39	93
39	342
1768	2294
2294	2729
342	2900
1430	3699
2368	2369
115	2369
114	2369
1321	2369
115	2368
589	3046
2630	3422
1183	1756
2585	2586
233	2586
2584	2586
1396	3844
430	3386
56	938
287	938
873	938
83	938
2742	4086
1244	4086
851	2932
233	2638
540	2856
2215	2856
111	2856
488	1720
520	1720
587	1720
1756	3696
1028	4081
1112	3844
939	1411
1411	2052
1411	2051
197	2176
1862	2176
2001	2561
219	2561
218	2561
687	1129
56	2022
455	2022
1053	1705
172	1705
93	1705
76	1705
1324	3594
1954	1961
443	2118
734	2921
566	875
72	4038
785	1472
563	1823
556	1823
3	878
3	6
1	3
3	4
1	4
533	1218
566	2978
171	2978
688	2978
2529	2922
1072	1406
3313	3824
3251	3824
140	3824
3567	3569
3568	3569
391	2509
82	2908
2906	2908
2907	2908
82	2906
82	2907
2906	2907
126	1546
694	2385
546	3482
401	3390
426	3390
292	3390
114	2058
200	2169
200	2247
200	2246
2169	2246
2169	2247
2246	2247
893	1802
1802	2486
1802	2473
563	2115
1076	2115
910	1116
2630	3415
3251	3415
140	3415
2294	2412
267	2412
114	2412
458	2772
726	2694
1892	1905
887	1905
138	1905
596	1034
577	1034
799	3325
236	457
1371	1860
331	589
2630	3484
140	3484
438	3484
620	2090
481	2555
2061	2555
1139	2555
195	4094
349	1221
1361	1511
483	1361
1535	1854
441	3482
376	1743
376	1507
376	896
896	1507
1603	2436
1603	1941
156	2927
75	2927
73	2927
3251	3857
140	3857
3313	3857
770	903
574	903
903	1637
1048	3632
3426	3428
140	3426
3426	3427
3427	3428
140	3428
675	1819
2056	2994
1517	2210
925	2064
466	2064
466	930
378	2726
305	1108
2475	2553
3108	3573
140	3573
566	3573
887	3271
588	3975
3180	3975
140	3975
718	929
718	913
271	718
53	2114
2114	2115
113	2114
113	2115
53	2115
591	1706
1706	1707
76	1706
2706	3913
9	316
378	2764
1028	2764
235	2764
111	2770
2228	2770
3316	4047
3316	4048
4047	4048
140	4048
140	4047
380	845
135	2728
2291	2403
114	2403
2292	2403
82	1962
531	1447
76	1447
537	1447
698	1166
698	1233
698	1044
188	781
652	781
781	3245
638	781
1443	2513
90	758
114	2433
106	2433
81	2433
3028	3696
1419	2057
140	3964
652	3964
2630	3964
1016	3724
238	239
140	3897
3266	3897
354	3897
375	652
217	375
217	652
3435	3436
140	3436
2628	3436
518	3058
922	2724
588	2335
510	2335
566	2335
546	1326
79	2070
477	3174
939	2582
458	3821
195	3821
694	3821
343	3821
1330	3754
416	3754
140	3754
172	617
286	422
233	2639
2570	2639
2575	2639
3333	3920
1175	1622
3253	3745
3251	3745
140	3745
929	2117
780	3348
3546	3567
630	4060
3491	4060
340	4060
630	3491
287	2564
732	1775
1775	3370
166	1847
449	2747
1526	3174
2630	3372
2630	3285
301	1796
1139	1796
290	1796
1005	2630
2288	2498
1139	1693
76	1693
316	1693
106	1693
299	3051
354	3051
243	3051
286	4069
419	4069
235	4069
1824	3168
54	153
140	3870
284	1434
1434	1990
1434	2669
90	3100
151	2782
54	161
145	161
107	161
160	1357
286	1695
3472	3569
140	3569
3470	3569
960	2922
960	2085
1138	2085
487	2085
1054	2515
1203	2515
3253	3666
3295	3666
188	791
694	791
627	4027
627	1519
627	1129
449	1129
1129	4027
1519	4027
53	2118
109	2118
81	2118
2118	2753
543	1435
1435	2737
1435	2718
1435	3027
1363	3027
76	1780
449	1780
385	1780
2790	3050
616	1472
241	3189
3062	3189
398	3189
449	627
872	1887
191	1887
875	1887
191	872
191	875
1227	1487
958	1611
425	3581
340	3581
3697	3734
3733	3734
140	3734
140	3697
3697	3733
657	2594
823	3498
1077	3498
1306	3498
1240	1502
291	3214
647	2782
822	2782
1927	3215
707	2056
2056	2754
1817	2754
1584	2754
478	2754
543	3086
243	3086
2442	2462
2737	3981
3195	4027
90	937
516	2982
171	2982
564	2982
377	685
186	1630
473	1630
76	1630
232	2745
1020	3356
1510	1586
452	858
578	858
188	858
416	3564
2696	3564
140	3564
9	82
9	81
9	56
386	835
835	1443
730	1202
923	3208
1401	1820
555	1820
326	1820
458	1820
106	2106
1139	2106
515	2106
393	1888
1384	2854
413	1353
1353	1354
1353	1355
751	3033
964	965
963	964
125	964
125	963
125	965
963	965
279	2847
279	1997
2001	2994
2753	3870
707	3870
3354	3870
1817	2847
99	1817
225	939
233	939
219	591
2461	2465
114	2465
2462	2465
2461	2462
114	2461
2333	2461
114	2462
2333	2462
1643	3427
2272	3383
140	3383
3226	3383
127	2041
175	3439
143	1098
1546	1708
937	1674
3124	3767
930	2064
198	540
2810	2911
73	2810
75	2810
350	1993
613	3451
566	3451
140	3451
1192	3363
1177	3363
652	3363
3174	3363
140	3363
604	2149
1055	2149
686	2149
686	2200
896	1743
128	162
83	162
54	162
3766	3795
3361	3795
140	3795
114	894
555	1129
2596	2597
2570	2597
233	2597
3352	3593
3258	3593
140	3593
261	1917
1028	2878
1028	2932
1443	2932
2878	2932
1945	2081
1917	1945
901	2529
187	3699
187	3209
147	2275
370	1348
413	1348
1348	1356
1175	2856
1603	2071
217	1040
794	4068
742	3100
369	2254
369	2256
369	2260
5	1359
1078	1198
3309	3508
2841	2994
1309	3786
1303	1309
1309	1328
78	181
78	179
179	180
179	181
180	181
878	2184
127	2184
220	370
402	1898
2704	2891
949	2891
1601	2891
2001	3513
319	1510
76	1510
458	1510
195	1510
76	1681
228	1681
531	1681
2299	2324
114	2324
2300	2324
2474	2506
1548	2868
2868	2935
516	2868
1773	1774
1731	1773
76	1773
76	1774
1731	1774
76	1731
695	4082
695	4083
974	1022
973	1022
972	1022
1149	1304
530	1112
2630	3361
543	2913
1768	2913
892	2913
78	365
364	365
177	365
2572	3414
140	3414
593	3414
195	238
238	240
78	238
80	2350
784	2666
140	3600
593	3600
794	3600
301	1517
403	1983
53	2116
2110	2116
1068	2116
53	2110
350	1971
350	1891
694	2860
273	3497
295	656
481	3632
1139	3632
924	3632
370	3632
383	3636
736	3636
140	3636
458	2878
1401	2878
1443	2878
1819	2878
1227	4062
741	2053
950	1186
454	950
454	1186
353	3626
219	3626
221	3626
72	3626
1485	2781
1616	2192
1357	2022
644	2022
198	2022
1340	2022
1118	2856
675	1519
279	1574
1150	3021
682	1476
1	45
1395	4007
331	1821
114	644
239	644
240	1851
1824	3177
3025	3174
76	1460
684	1460
1460	1461
1031	1356
353	1356
1357	3971
644	3971
232	3971
3802	3803
3802	3804
3803	3804
140	3804
140	3802
3514	3802
3285	3802
2776	2996
652	2687
2599	2687
233	2687
1783	2452
308	1276
879	1276
90	1276
860	1961
860	939
297	2469
229	3594
1334	2217
1384	1951
1171	2071
1993	2071
1993	2082
939	1993
320	1993
2041	2718
863	2190
1122	1547
543	2767
391	2728
504	856
504	857
188	856
188	857
856	857
297	929
155	297
172	297
78	297
652	1584
1517	2176
950	1228
452	918
466	2564
1727	4093
550	1727
550	4093
225	3669
140	3669
2630	3797
3423	3797
140	3797
1824	3063
383	3249
383	3278
339	2793
452	698
188	698
515	698
368	2090
5	3027
5	2737
552	1864
46	950
406	2673
263	1880
709	2510
3303	3352
530	3288
243	3034
2697	3034
215	3034
1478	2554
2554	2953
140	3329
3329	3434
2630	3329
1228	1383
233	2647
652	2647
2599	2647
78	437
437	458
46	1649
458	2499
90	930
184	3205
939	3491
136	617
128	246
79	1926
165	4077
360	4077
1586	4077
932	3129
470	718
188	718
458	718
232	718
54	125
2121	2184
1486	2121
2718	2726
884	2726
2726	2737
2620	2633
802	1039
1448	3014
688	2990
171	2990
566	2990
242	2786
2782	2786
1817	2786
242	1817
1817	2782
1470	2117
880	1803
264	4086
331	1756
1756	2142
279	3669
91	1383
107	1383
76	1383
1383	1486
647	939
76	1675
80	1675
107	1675
1316	3968
92	3669
2323	2921
13	959
1319	1392
1876	2041
2041	3696
2041	2686
991	3340
985	3340
984	3340
3349	3544
140	3544
3434	3544
244	288
1031	1345
678	1631
604	1631
76	1631
219	353
1458	1983
2082	2928
1695	2215
418	3231
1637	4079
574	4079
123	2718
123	145
123	2111
123	2720
54	123
834	1120
370	2117
3977	3978
3840	3978
140	3978
172	763
1046	2524
3026	3218
1334	3645
2776	3645
86	123
123	301
123	887
3126	3249
3126	3278
2792	2793
127	2793
594	2792
226	3742
226	2753
226	647
241	3134
416	3134
1185	3134
241	3085
225	323
78	323
322	323
2584	3130
2585	3130
114	2340
2299	2340
2300	2340
1357	2971
1357	2781
656	1759
416	3901
2630	4053
447	928
2621	3051
2635	3051
2682	3051
391	3027
391	3129
362	878
951	2088
128	1911
2288	3139
1323	2719
1334	2719
2922	4057
140	3907
652	3907
383	3907
95	3144
76	1467
273	1467
591	1467
82	2900
86	2900
102	2900
55	232
82	2856
128	2856
115	2856
200	2248
2192	2248
686	2248
200	2192
686	2192
423	1243
1099	1243
1282	1283
390	1282
1281	1282
1281	1283
390	1283
390	1281
78	363
1069	2856
279	604
297	1032
297	1060
2476	3237
2856	3792
512	2385
868	878
878	2007
824	2007
74	2007
56	2007
752	1206
752	1163
150	286
985	986
984	986
967	986
157	1910
3249	3278
140	3249
3249	3873
140	3873
140	3278
3278	3873
971	1009
969	1009
937	1837
1546	2609
919	2093
563	2509
1935	2115
286	2115
1817	2115
588	1898
588	1899
1960	2977
742	1218
543	1218
1443	3012
543	833
833	1057
647	1416
1222	2084
880	2526
74	124
56	124
54	124
195	2986
1308	3812
2689	3812
140	3812
131	2952
184	1325
3280	3295
3290	3295
3295	3693
1891	4091
1891	1918
677	1370
1053	1849
635	1384
233	2589
140	2589
406	2589
1032	2469
1639	3020
811	1138
465	811
2900	3174
416	2900
950	3933
950	2524
113	441
127	3657
140	3657
393	3657
2294	2711
415	927
713	929
1656	3060
588	2118
95	2118
458	2118
2941	2942
171	2942
520	2942
1519	2510
198	960
198	2323
55	172
2629	3470
186	3020
90	2759
82	2228
82	2886
621	2262
1584	1824
478	1584
140	3419
3419	4023
3419	3626
140	4023
140	3626
3626	4023
374	1028
402	621
419	530
2744	3076
1069	3076
45	878
439	2271
257	851
257	548
132	257
257	458
927	1552
244	3012
458	3012
93	3012
386	3012
1950	2234
1517	1950
1546	1950
1416	3597
443	1416
751	2759
3447	4046
458	2513
470	757
2047	2732
81	2732
109	2732
1202	2103
2103	2323
1196	1817
711	3120
2320	2371
267	2371
114	2371
188	617
145	3497
56	2018
1375	2981
567	2595
567	1476
930	1483
873	1483
873	930
652	3389
1917	2081
360	2081
123	3237
123	823
106	123
123	1028
123	273
951	1365
114	2350
128	2350
299	3548
3547	3548
299	3547
1547	2515
1459	1547
1781	4084
2323	2478
3367	3408
1964	2097
1964	1971
53	1964
1971	2097
2097	2098
53	2097
1971	2098
53	2098
301	2098
870	2098
2320	2425
349	479
1028	1346
291	2773
2300	2354
1236	1983
1835	1983
960	2860
1459	2064
2064	2515
102	439
93	439
78	439
409	439
291	2983
1528	2983
171	2983
88	3914
3361	3766
1365	1893
1759	3209
82	2092
1151	1376
1193	2787
273	2787
200	2223
2121	2223
2223	2224
200	2121
2121	2224
200	2224
1783	2458
823	3497
1139	3497
1817	3497
95	1329
556	1329
2605	3793
2605	3727
2605	3970
140	976
976	3376
3258	3372
910	4057
342	2028
449	2028
56	2028
2694	3091
1578	3103
1180	2098
2575	3776
1880	3776
172	1413
1838	2041
1836	2041
483	1511
342	427
2323	2550
2090	2323
386	3140
1443	3140
721	1824
1171	1993
1792	1993
121	1993
91	927
83	927
74	927
874	908
83	908
866	908
277	908
476	1028
2264	2792
305	2792
1139	2792
147	2792
279	2911
73	2911
3431	3689
128	2480
527	3949
172	2526
286	2526
1034	1303
2746	3067
2096	2746
673	1218
915	1218
471	1215
668	1215
699	3913
3913	4057
652	3997
864	1788
1862	2277
5	1365
1764	1870
555	1764
713	1883
695	915
1320	3447
800	801
1	49
1	50
1	7
1	6
55	904
554	2262
27	1927
140	2491
370	1345
893	1781
745	1821
1311	2776
824	1553
927	2111
802	927
76	1595
588	1595
136	1595
554	1595
343	1041
1098	2743
724	3793
3793	3970
225	3793
140	3793
3727	3793
386	1247
137	2550
1944	3442
1176	1944
1185	1944
383	1944
652	1944
1063	1545
1205	1545
1527	1545
1824	2994
2994	3682
136	220
502	2078
122	2078
2061	2078
566	3859
393	3996
1971	2294
819	1233
83	940
79	940
3237	3859
876	1041
2666	2694
1053	3497
910	3497
75	3497
195	3497
305	3231
1363	2718
380	2526
2694	2695
233	2695
1308	2695
898	4080
507	4068
106	3271
114	2431
267	2431
2316	2431
1927	2098
380	1107
380	2592
1107	2592
870	1053
870	1817
707	3323
1552	2144
3244	3441
3244	3440
467	4039
140	4039
3145	4039
3296	4046
409	2098
1817	2098
286	2098
1053	2098
851	1218
423	1218
615	950
803	821
3285	3372
198	484
1028	2429
3689	3690
971	4046
3305	3689
140	3689
3689	3766
343	909
1063	3185
595	3185
128	2117
53	2117
824	2117
769	3933
1243	1976
229	3020
1161	3072
670	1764
126	2721
3438	3906
184	3438
140	3906
3370	3906
301	2268
623	731
673	3100
1182	2953
331	1089
959	2282
959	1783
9	1139
9	823
1169	3061
1216	3208
2079	2785
2051	2785
939	2785
2058	2785
592	1727
708	1230
1230	1231
423	1230
1031	1230
423	1220
84	2148
1453	2593
1453	1824
929	2997
780	1547
1220	2741
893	1220
915	1220
1140	1220
544	2010
837	2010
837	2728
544	2728
318	1858
318	1860
318	1428
318	1429
140	3892
575	3892
3892	3893
1330	3892
575	3893
1330	3893
140	3893
3058	4062
3692	3860
1243	1756
562	1703
76	1703
478	1703
136	1703
277	2841
618	1817
551	3348
370	3173
556	1983
502	2088
73	2914
2816	2914
246	2914
156	2914
383	3810
3118	3810
140	3810
3634	3810
3118	3634
1137	1961
1025	1146
1499	1500
795	2056
458	795
481	795
188	795
668	795
54	100
100	102
86	100
99	100
904	2382
241	3239
724	3239
416	3239
3238	3239
887	1535
3245	3532
140	3532
3246	3532
383	3532
951	1982
169	1982
95	1982
155	1982
851	2950
3765	3860
140	3860
2630	3860
3302	3860
3514	3671
391	2253
391	707
2176	2210
2188	2210
2125	2210
200	2210
200	2188
2125	2188
2176	2188
2125	2176
662	2176
140	3321
1330	3321
575	3321
292	3321
195	2979
171	2979
2920	2979
2931	2979
56	1023
115	1023
363	1023
1023	1024
115	363
115	1024
363	1024
56	1024
56	363
497	757
188	757
545	757
543	757
1042	1593
1429	1676
537	1676
76	1676
531	1676
131	2088
11	12
11	13
10	11
1	11
1	10
10	13
10	12
12	13
1	12
1	13
225	2582
292	2582
233	2582
1607	2582
416	2582
416	1727
531	1727
76	1727
537	1727
583	823
1884	2781
2781	2954
2750	2781
324	2781
267	2082
92	1203
2638	3724
3724	3825
140	3825
438	3825
2638	3825
438	2638
140	2638
122	2059
2059	2060
915	2059
1158	2059
415	905
415	1960
415	2189
820	4078
1371	4078
125	172
56	125
78	125
125	287
949	2501
215	1590
143	1590
357	1590
76	1590
758	2501
730	2501
340	2367
1100	1211
873	2058
443	2430
233	2636
2572	2636
1161	3843
596	2470
1817	2470
913	2470
2084	2470
1927	2470
1094	2470
1909	2470
240	2470
297	2470
297	1909
297	1094
1138	1987
140	3502
140	3501
140	3503
140	3500
3500	3503
3502	3503
3501	3503
3500	3502
3500	3501
3501	3502
772	3483
383	3483
140	3483
593	3483
528	1151
506	2935
2320	2405
2405	2407
114	2405
2405	2406
114	2407
2406	2407
2320	2407
2320	2406
188	609
543	609
497	609
498	609
3581	4013
2625	3581
593	3581
593	4013
140	4013
2625	4013
203	3728
610	3123
79	263
592	3646
180	3646
593	3646
140	3646
679	3427
219	3427
219	679
318	1040
2149	2167
200	2167
2167	2200
2157	2167
2149	2200
200	2149
2149	2157
2157	2200
200	2200
277	957
83	957
368	957
957	958
3582	3583
140	3582
3582	3584
2630	3582
2630	3584
3583	3584
1316	2740
3173	3342
1307	3173
2088	2559
9	1330
9	3334
9	2630
286	1373
704	1178
823	3179
2215	3148
3148	4025
836	3148
3148	3215
782	929
106	1416
140	1416
76	1416
136	1416
1198	3198
241	3198
292	3198
3196	3198
751	2800
560	2800
742	2800
543	2800
255	3645
416	3645
140	3645
2263	3645
1459	2142
1459	2144
370	3386
458	2932
183	419
144	2921
166	2921
685	2921
686	2921
241	3163
292	3163
2608	3163
2607	3163
452	1570
520	1570
76	1570
1569	1570
78	422
1707	3151
286	886
886	2457
185	886
288	886
288	2457
185	2457
286	2457
3563	3596
140	3563
3253	3563
3563	3982
83	868
868	869
866	868
867	868
443	2256
732	3370
151	3174
1195	1789
2708	4041
336	4041
140	4041
852	4041
7	851
2348	2436
499	634
505	634
188	634
504	634
3315	3316
3314	3315
3316	3570
3671	3803
2006	2014
875	2014
1936	2014
1122	1864
301	1864
440	1864
140	3578
140	3577
3266	3577
354	3577
3577	3578
3266	3578
354	3578
354	3266
492	2745
155	2997
1441	2997
90	2997
878	2997
1484	2199
2010	2199
2199	2941
2199	2856
2010	2941
1484	2010
2010	2856
1484	2941
1484	2856
1422	2856
923	1484
2856	2941
1061	1422
448	4086
1216	4086
1183	1764
101	1812
362	1812
102	1812
147	1812
140	3720
3720	3721
3719	3720
3720	3722
3719	3722
3719	3721
140	3719
140	3722
3721	3722
335	3523
3245	3523
108	286
108	1835
206	1544
307	1544
242	289
114	242
82	242
78	242
78	196
943	3237
3692	3811
215	1149
345	1149
423	1149
735	4022
736	4022
438	4022
140	4022
416	3238
724	3238
225	3238
241	3238
3070	3238
3071	3238
678	1593
519	1593
76	1593
444	1593
560	2083
823	2083
153	1535
153	626
3421	3422
3422	3423
3422	3424
140	3422
3421	3424
140	3424
3423	3424
383	3375
654	3375
140	3375
3109	3375
391	2776
823	1037
1026	1037
603	1037
423	1037
505	3723
335	3723
568	3723
3457	3458
3458	3460
140	3458
3458	3459
140	3457
3457	3460
3457	3459
3367	3368
3368	3766
3289	3368
140	3368
1207	1998
343	2701
132	745
132	1410
136	1329
234	1329
681	1329
582	1329
2593	3162
2936	3162
1765	2886
543	730
1149	2218
2713	2730
530	2213
588	2213
521	3039
646	1084
396	726
1010	1014
971	1014
967	1014
969	1014
427	3743
427	3742
427	2753
427	3604
1288	1312
140	3935
3935	3936
2691	3935
3934	3935
3934	3936
2691	3936
140	3936
2691	3934
140	3934
140	3445
3400	3445
3267	3445
3418	3445
156	2923
149	2923
73	2923
75	2923
339	960
647	3611
3216	3611
140	3611
393	3611
3767	3882
140	3882
1320	3882
3109	3882
1917	2730
1917	2480
286	1917
1202	1917
1916	1917
1917	1946
530	3728
360	1299
887	1299
3147	3229
241	3229
353	3229
592	3229
1759	3482
423	1225
639	1225
370	1225
1028	1225
2594	2922
1207	2922
2298	2360
114	2360
267	2360
2295	2360
1307	1484
215	1369
804	1369
146	1369
76	1369
510	1218
704	1218
478	1218
426	1218
913	1218
1218	1824
796	1218
808	1569
1569	2956
53	1606
78	317
301	1795
1789	1795
290	1795
1139	1795
1041	3848
1139	1772
396	2715
145	396
396	2718
396	1507
46	1759
89	1759
3323	3471
140	3471
3470	3471
3471	3472
3470	3472
140	3472
3323	3472
3323	3470
1586	2367
543	2367
499	2367
582	2367
1243	1939
1243	1914
1243	1899
140	3550
3466	3550
3550	3551
3550	3552
54	141
360	1917
102	1917
138	1917
425	1917
416	3224
2579	3224
292	3224
241	3224
694	2093
885	1775
2619	3077
102	1535
114	1535
233	2658
241	2658
398	2658
225	2658
939	1852
933	1852
1852	2398
1163	3959
1152	3959
1026	3959
133	3981
2773	3981
991	3996
423	1039
1039	1196
920	1039
155	1039
89	1039
1139	1898
1108	1898
2058	2088
140	3984
1308	3984
505	3984
575	3984
255	3453
2058	2064
2058	2063
122	2063
939	2063
122	2064
939	2064
784	1330
611	3123
145	3123
1507	3123
416	3194
2573	3194
241	3194
315	3194
56	2042
128	2042
2041	2042
113	2042
113	2041
172	2530
1202	2530
378	2530
872	2530
90	413
413	1355
78	413
413	1354
875	2070
1421	2915
887	2915
4	74
4	49
4	910
4	50
4	878
1814	2775
76	1511
554	3032
1089	2277
1089	2278
342	2790
755	1115
1716	2781
937	1716
2015	2350
223	796
520	1688
96	150
149	422
402	422
75	422
156	422
164	223
973	1002
972	1002
967	1002
974	1002
695	1401
2667	3947
2666	3947
526	2056
2573	3201
804	3201
241	3201
336	3201
707	1606
647	1606
1606	2753
443	1606
2134	2135
2135	2136
1517	2135
200	2135
2134	2136
200	2134
1517	2134
200	2136
1517	2136
2211	3215
85	3215
154	3215
660	744
1588	4067
3210	3225
1102	3004
859	1102
531	1573
485	1573
474	694
224	2385
118	2385
656	4083
338	3108
1384	3035
1783	2322
1070	1517
568	3543
2572	3543
140	3543
3157	3543
566	3918
1419	2992
3309	3542
1168	2490
168	2490
2490	2491
286	2490
1247	1443
140	3546
3546	3952
383	3546
3453	3546
3453	3952
140	3453
383	3453
3323	3453
864	1953
340	3464
180	3464
106	3464
140	3464
1073	1961
409	1936
1100	3187
823	1100
423	1100
603	1100
915	1100
1078	2564
1371	2136
676	2136
937	2136
116	2136
53	645
314	3901
3223	3901
3608	3901
140	3901
3609	3901
331	1118
318	820
2714	2929
1160	3128
900	937
1118	1898
770	794
675	1129
1129	2510
265	1129
203	580
481	1700
780	1700
449	1700
76	1700
618	780
618	1139
441	618
188	618
516	618
481	618
1370	1371
326	1370
76	1370
659	1370
821	1572
467	482
934	2961
2951	2961
3061	3143
892	3061
1762	3035
315	1762
652	3276
437	2953
437	1038
195	437
437	694
95	909
277	2738
277	2739
378	2739
378	2738
2738	2739
2724	2739
2724	2738
46	1359
2323	3848
340	3491
1178	2254
588	1468
1713	3054
1308	3276
3170	3276
575	3276
140	3276
922	2857
143	1243
882	1243
93	1243
240	1243
1118	4060
273	4060
1233	4060
1139	4060
443	1118
292	3168
443	3168
241	3168
213	3168
948	2603
1183	1372
1372	1373
215	1372
127	2792
1541	2792
339	2792
2790	2792
891	1425
237	4088
4088	4089
4088	4090
4087	4088
4087	4090
4087	4089
237	4087
237	4090
4089	4090
237	4089
406	3149
225	3149
241	3149
2160	3149
708	1231
1031	1231
3290	3372
3372	3811
3372	3514
140	3372
3290	3811
3514	3811
140	3811
3289	3811
499	763
579	763
524	763
188	763
2916	4002
1824	3933
874	2054
385	2054
342	2054
122	2054
184	2501
53	1713
1769	1770
804	1769
76	1769
215	1769
3421	3423
3421	3800
3421	3528
140	3421
140	3423
2630	3423
3423	3800
3423	3528
347	776
326	1872
230	1872
686	1872
228	1872
3094	3096
243	3094
3094	3097
3094	3095
243	3095
3095	3097
3095	3096
3096	3097
243	3096
243	3097
3279	3887
140	3887
2630	3887
3259	3887
876	1171
2569	3333
735	3333
2517	2971
1864	2517
1824	2517
195	2517
2430	3161
994	3440
994	3356
364	3777
2269	3777
3309	3814
140	3814
3244	3814
3465	3814
928	1889
1472	4027
343	1472
1472	2510
1443	1472
3138	3234
845	3918
416	3918
140	3918
2619	3918
3350	3773
1199	3152
893	2915
217	934
75	217
160	1153
506	2091
635	1101
635	4063
140	4053
3466	4053
3552	4053
3295	4053
915	1227
2254	3208
2250	3208
2251	3208
2253	3208
615	2253
75	1526
582	1149
1149	1325
1149	1236
681	1149
1149	1301
504	2022
373	2022
1300	2022
375	2022
375	1300
373	1300
504	1300
373	823
244	747
562	2744
884	2744
1051	2744
93	2744
274	1747
522	958
319	3386
1586	3386
1966	3599
525	2018
245	2753
147	2790
147	2787
90	2117
420	2117
894	2117
271	2117
426	4079
2630	3583
2630	3947
1327	2630
3583	3947
1327	3583
140	3583
1327	3947
140	3947
2514	2734
1523	1587
76	1587
513	1587
1482	1587
1482	1523
513	1482
76	1482
537	1482
282	2091
282	1028
282	2090
282	1046
6	50
232	317
76	317
977	3625
1234	4065
691	861
297	1145
297	939
240	297
297	2468
1072	4079
339	2794
624	1167
576	1167
557	1695
1695	2656
891	1464
891	2946
1109	2818
2818	3082
2142	2144
566	1991
1991	3792
551	1991
1634	2987
241	3221
255	3221
140	3221
225	3221
1607	2430
479	2430
2430	2947
1824	2430
441	1840
481	1840
136	1840
200	2161
200	2157
200	2141
2141	2157
2157	2158
2157	2161
2158	2161
2141	2158
2141	2161
140	3668
3667	3668
3315	3668
3570	3668
3315	3667
3315	3570
225	2673
225	2674
574	3187
712	3187
574	603
1864	2971
3513	3791
2596	3844
1164	2596
226	1059
226	2950
375	504
2729	4007
1443	3444
867	1171
1427	1691
1571	1728
492	1571
76	1571
136	1571
531	1677
76	1677
820	1677
513	1677
1203	1459
1054	1459
1342	1356
370	1342
1342	1349
413	1342
370	1356
413	1356
1349	1356
413	1349
370	1349
1238	2052
336	1619
496	873
3465	3729
140	3729
3309	3729
3729	3773
1092	3065
480	1983
95	1983
308	1983
519	1983
664	1983
2697	3325
1830	1881
1931	2055
226	2046
226	2763
273	3926
734	3926
444	3926
1028	3926
1754	1755
76	1755
537	1755
513	1755
537	1754
76	1754
513	1754
1042	2190
360	3004
1077	2631
3345	3650
1739	1741
76	1741
1591	1741
1740	1741
76	1591
76	1739
76	1740
1591	1739
1591	1740
1739	1740
1504	1555
180	1504
416	1504
3244	3542
3541	3542
140	3542
3530	3542
3530	3541
140	3541
3244	3541
1947	2898
118	2898
1953	2898
109	2898
959	2898
1560	3060
314	4059
1028	1249
338	2730
2296	2730
588	3621
566	3621
1046	2949
1672	2949
815	2949
734	2949
1976	2328
1568	1976
2194	2195
2195	2196
2193	2195
200	2195
2193	2196
200	2196
2194	2196
200	2193
2193	2194
200	2194
338	3200
1388	1756
545	3128
870	1900
165	1900
114	1900
138	1900
946	2211
2630	3833
438	3833
140	3833
3356	3833
1151	1565
1134	2992
3099	3100
823	3099
477	3099
243	3099
331	1997
331	2832
383	3676
1159	3676
3209	3676
140	3676
246	2816
1464	2683
1146	1502
241	3206
416	3206
1185	3206
292	3206
2570	2596
188	831
504	831
566	831
653	831
461	2001
56	2001
461	758
3092	3135
1320	3092
383	3092
76	1640
171	841
564	841
188	841
841	842
188	646
958	1538
1538	3705
1443	1538
1743	1777
1	53
1	55
1	54
1	56
1906	2337
383	3977
3840	3977
140	3977
3470	3977
3470	3840
140	3470
383	3470
140	3840
383	3840
82	1606
147	1606
588	1531
504	1531
196	493
730	1442
416	932
1738	2669
1588	2775
151	3688
151	2615
151	2630
1834	1835
734	1569
3313	3877
3253	3877
2630	3390
673	1996
114	2090
2090	2430
2011	2430
114	2011
887	1908
1392	2263
1392	3144
1783	3994
652	1783
1691	2061
291	2061
291	1375
1375	2061
92	2061
823	2521
493	3166
379	3166
455	3166
1323	2714
54	55
53	55
55	156
55	2047
55	56
55	1976
388	501
501	1165
273	501
501	863
1183	1674
1054	2088
604	1186
766	1186
423	1186
915	1186
106	272
1470	2817
82	2817
82	2860
82	570
929	1594
418	3914
1819	2654
200	2142
581	1532
353	1532
920	1926
93	1926
377	880
646	2550
624	646
646	647
353	646
136	2708
441	2519
147	1586
820	4077
1188	4077
833	1573
715	2731
547	2731
860	2731
2305	2438
114	2438
2290	2438
2291	2438
244	2656
815	3791
2410	2411
2290	2411
2292	2411
114	2411
2290	2410
114	2410
2292	2410
1086	1227
382	1227
423	1227
1028	1227
2793	4079
3350	3447
726	1096
473	1718
76	1718
136	1718
539	1718
377	940
458	3924
958	3924
1443	3924
3705	3924
1338	2916
1338	2747
379	2747
379	2916
2591	2916
2591	2747
916	950
915	916
83	916
893	916
762	916
136	2596
560	2596
596	2596
3263	3323
3362	3732
2612	3732
140	3732
3731	3732
2501	2630
2501	3508
2630	3508
2671	2673
2672	2673
2673	2674
233	2673
233	2674
2672	2674
2671	2674
233	2672
2671	2672
441	3705
318	860
1389	2419
960	2419
1504	2419
929	2419
539	2088
2011	2058
472	1585
1395	3438
3100	3438
3560	3561
140	3560
3118	3560
446	3560
3939	3940
140	3939
593	3939
3938	3939
140	3938
593	3938
3938	3940
140	3940
593	3940
2724	2725
2719	2724
2719	2725
378	2725
286	2725
378	2719
286	2719
910	1060
90	1585
1547	2931
2142	2926
2029	2926
149	2926
73	2926
662	2125
200	2125
2125	2190
107	2125
575	3699
3209	3699
225	3116
2160	3116
241	3116
586	3116
2702	4034
802	2775
2747	2775
2718	2775
378	2775
1422	3518
1767	3786
487	1975
490	1975
174	1975
195	1975
3733	3774
1054	1237
2566	2793
804	2524
2288	2787
2288	2789
76	1712
146	1712
215	1712
804	1712
1919	3311
1919	3026
1919	3161
647	1919
267	2603
419	533
1028	1500
215	1500
370	1500
228	1500
76	1500
772	1567
146	1567
509	1567
76	1567
312	3183
973	988
972	988
974	988
667	1409
140	3492
3361	3492
3492	3580
3258	3492
898	1365
177	178
178	232
155	178
78	178
1109	1596
1139	1596
106	1596
1076	1596
93	3669
286	3669
534	543
814	1989
223	1162
223	666
223	3016
134	223
175	3489
2630	3489
2630	2633
175	2633
233	2633
1304	1662
122	2070
1109	3082
591	1109
458	3705
958	3705
1443	3705
343	3705
1443	1519
1129	1443
155	1129
423	1129
1129	1519
1129	1205
602	1129
572	1129
602	1519
1205	1519
2515	2969
2516	2969
343	2969
802	1687
686	1687
136	1687
76	1687
114	2406
2308	2406
2322	2406
2401	2406
878	1747
2308	2315
2298	2315
2315	2316
114	2315
1033	2595
1033	1034
1033	1207
444	1033
851	1033
423	1033
2630	3630
773	3630
438	3630
140	3630
3258	3868
3525	3868
3290	3868
140	3868
1484	1507
3465	3773
3309	3773
3461	3773
3296	3773
968	970
968	971
967	968
968	969
165	935
83	935
935	936
97	935
3581	3872
140	3872
3548	3872
3872	3942
3548	3581
3581	3942
140	3581
140	3548
3548	3942
1138	1603
1603	2303
1893	2088
3389	3523
3523	3963
593	3523
140	3523
593	3389
3389	3963
140	3389
593	3963
140	3963
578	1670
578	659
578	633
578	677
920	1756
875	1756
454	845
1175	1966
290	1783
861	1294
823	1294
945	3028
1756	1893
1663	3006
989	4046
3345	4046
969	4046
140	4046
989	3345
937	1876
416	649
1111	3117
852	1514
1514	2595
1637	2983
2594	2983
745	2983
116	1944
3875	3877
3251	3877
140	3877
3876	3877
3251	3875
3875	3876
140	3875
140	3876
3251	3876
193	1626
186	1721
802	1721
76	1721
155	1721
458	3102
383	3345
127	1643
2854	2918
875	894
695	1470
988	3349
3137	3809
501	551
458	501
501	588
1069	2744
459	1877
1229	3311
1947	1954
474	532
83	427
346	427
791	939
791	1035
185	288
56	288
286	288
423	1034
544	876
76	1646
1646	1647
1645	1646
680	1646
1645	1647
292	4038
2679	4038
314	4038
140	4038
1471	2782
326	1839
326	1840
1839	1840
487	1839
1817	1839
1817	1840
487	1840
305	1210
897	1763
454	1763
1170	1763
768	1707
1214	3058
473	1427
140	3667
2630	3667
3473	3667
3570	3667
1607	1880
524	1628
2063	2064
353	2064
2064	2554
1547	2064
353	2063
2063	2554
1547	2063
2630	3554
2630	3551
991	3349
991	3434
985	3349
985	3434
985	3996
984	3996
127	3996
140	3996
2630	3996
3434	3996
2630	3434
3349	3434
140	3434
984	3434
572	1205
119	1626
140	3956
736	3956
2269	3956
2685	3956
1422	3311
81	2024
165	2024
112	2024
56	2024
1517	1626
76	1626
80	1626
764	1626
3174	3348
556	1614
76	1614
478	1614
480	1614
239	1791
239	1792
121	1792
121	1171
290	1789
1139	1789
301	1789
893	1789
2717	3004
2082	3004
1502	3237
1337	2790
525	2790
1303	2587
450	731
329	1657
329	2604
329	1076
329	1559
2568	2745
2612	2745
1320	2745
2648	2745
413	1345
1345	1347
235	1345
1345	1346
1346	1347
235	1346
413	1346
235	1347
413	1347
644	4059
374	644
3843	3844
292	3843
140	3843
3237	3843
3843	3845
2651	3843
652	1747
416	1747
76	1747
851	1747
1028	1747
1747	4063
136	1747
273	1747
1367	2921
501	1320
501	3618
3157	3778
140	3778
140	3777
736	3777
3777	3778
299	3777
736	3778
299	3778
342	2458
458	894
271	894
90	894
83	894
869	894
939	4094
939	4095
4094	4095
2052	4095
239	4095
2052	4094
239	4094
2860	3243
380	2860
2631	3809
3138	3809
430	2712
373	585
373	423
373	504
1078	1468
79	3743
3245	3264
3246	3264
534	851
533	534
444	534
244	3005
353	2634
2634	2635
225	2634
233	2634
2041	2773
2142	2832
682	1316
79	1158
2006	2088
567	851
232	567
550	567
567	606
188	567
564	567
94	102
1546	2600
140	3944
140	3946
140	3945
140	3666
3944	3945
3944	3946
3666	3944
3666	3945
3666	3946
3945	3946
405	1213
339	1831
3289	3803
140	3803
3290	3803
3258	3803
83	950
673	1650
2637	3323
878	3172
3354	3951
2637	3951
3263	3951
143	2001
882	2001
406	2605
1966	2753
1884	1929
2919	2960
1471	2919
688	2919
1528	2919
910	1259
90	1259
107	1259
920	1259
1139	1259
81	1259
56	1259
112	1259
1026	1515
13	74
1130	3150
128	2041
479	1203
480	1203
2919	3028
1572	1599
1472	1697
27	2720
244	2542
1153	2542
172	2542
2260	3933
1178	2260
1997	2915
1073	1089
958	2963
3030	3177
3258	3408
3260	3408
3259	3408
140	3408
1304	2857
1028	3380
621	920
3295	3756
140	3756
3267	3756
3251	3756
151	1393
2630	3789
383	3789
140	3789
438	3789
87	946
1443	3188
3325	4034
416	2691
2691	2692
140	2691
233	2691
1304	2746
2228	2746
313	3959
2269	3959
1334	1585
1934	2976
319	2976
2962	2976
171	2976
156	876
348	798
348	530
794	2605
299	2605
416	2605
233	2605
2604	2605
416	3156
215	2919
2919	2955
175	2919
887	2759
1884	2070
2070	2954
360	1908
56	1908
138	1908
102	1908
82	1908
1171	2766
3384	3580
3352	3384
3361	3384
140	3384
140	3361
3361	3580
3352	3361
3258	3361
3352	3580
3258	3352
140	3352
3258	3580
140	3580
1053	2103
915	2103
1078	2103
402	2103
2088	2103
1078	2088
2264	2706
1314	4034
140	4034
1313	4034
1320	4034
3267	3733
3251	3733
140	3733
3344	3733
724	3085
243	3085
3065	3085
3066	3085
1395	3100
454	3100
326	1819
1819	1847
764	2148
119	2148
85	2148
80	2148
2148	2190
200	2148
2629	3323
2629	3688
1038	1385
878	958
1320	3618
383	3618
46	1330
1381	1874
114	1874
959	1874
326	1874
3290	3514
984	3349
370	927
927	4063
1914	1997
820	1470
1304	2041
1144	2041
1082	4068
1068	2495
1068	2981
79	2419
114	2419
2328	2419
2323	2419
1303	2574
1303	2588
1303	2572
56	1966
753	1198
952	1768
952	1439
925	952
3223	3609
3223	3608
1330	3223
574	1472
196	2740
196	595
188	806
215	806
155	806
76	806
1707	2111
537	1629
918	1171
967	988
988	991
984	988