140	3921
140	4043
78	410
76	1733
56	1957
114	2318
140	3504
114	2374
244	2998
76	1671
76	1751
200	2199
140	3615
172	2523
200	2137
114	2346
140	3822
606	3205
140	3534
1053	2837
1	69
1	32
188	717
1053	2839
140	3254
52	1768
419	3767
39	878
74	282
200	2154
82	1705
918	3174
114	2338
1	57
123	707
140	4032
56	1956
114	2394
140	3855
342	2525
82	2855
1	43
244	3022
82	2904
54	117
76	1750
172	2537
184	3870
3208	3325
1927	1979
1819	1995
76	1522
286	2639
1	2
82	2872
380	2718
76	1446
114	2466
78	294
140	3923
114	2441
2086	2087
82	2836
140	3409
1	47
391	3426
390	1257
82	2897
76	1456
82	2873
51	823
200	2238
54	103
82	2854
82	2813
82	2882
76	1418
140	3347
82	2839
82	2834
2413	2666
1053	2009
176	1287
76	1557
200	2147
82	2811
140	3493
370	2831
140	3960
1768	2009
78	262
123	2773
1852	2253
1139	3960
56	1959
80	3762
60	2348
76	1636
82	2875
140	4040
1819	3477
140	3706
56	2043
1	67
82	2835
15	1806
46	966
140	3751
128	3669
78	431
2662	3956
140	3282
78	361
78	412
1	29
200	2171
200	2198
443	1259
82	2804
78	394
114	2434
45	1588
56	1994
56	1999
82	2876
140	3420
390	1284
1588	2454
0	1
56	1949
200	2153
391	3169
78	453
82	2877
114	2440
76	1440
1802	2088
107	3726
71	72
200	2162
78	211
56	1940
140	3761
82	2827
114	2311
113	1546
82	2899
200	2133
140	4052
54	157
274	1531
1806	2837
90	2864
46	1700
1273	1806
78	298
2199	3027
140	3834
53	2102
140	3874
2036	2720
2737	2837
114	2399
554	2525
960	1595
140	3664
1053	1347
82	2842
82	2887
333	516
56	2030
114	2422
950	3082
76	1400
1768	3872
1	64
385	3168
172	2556
76	1561
82	2802
82	2890
114	2453
140	4029
279	3960
1	24
1	63
200	2240
200	2130
288	960
416	2867
1822	2736
1747	2737
82	2801
51	3844
82	2838
1	23
140	3856
78	201
1725	3649
286	3014
140	3783
880	1973
78	395
95	3061
200	2197
1	18
1	38
140	4024
140	3902
128	1432
172	2557
140	3557
56	1992
286	1414
62	3844
76	1518
101	1437
122	2069
82	2825
76	1719
114	2345
188	637
114	2280
140	3545
114	2366
78	311
390	1258
127	2810
2868	2966
54	152
880	1943
9	1725
76	1497
1	8
114	2329
74	421
775	3452
114	2389
1691	2533
76	1627
880	1957
390	1256
200	2151
3057	3913
188	843
82	2868
74	311
78	278
200	2183
56	1965
140	4044
1	14
1833	2856
125	966
76	1530
1	31
1330	1943
390	1272
147	1436
239	4093
390	1264
62	316
200	2202
1988	2737
82	2823
140	3987
81	2564
140	3891
78	397
402	679
75	1271
200	2139
140	3805
1914	3245
1806	2875
114	2463
1053	2389
288	2088
140	3633
2666	2837
76	1462
114	2384
1	42
1615	2947
140	3854
59	1588
200	2127
2253	3635
78	445
114	2464
140	3779
82	2896
76	1417
244	3000
244	3011
82	2843
1899	2941
543	3700
140	3397
2111	2855
244	3026
390	1277
390	1278
78	356
140	3801
56	2023
530	4008
114	2409
200	2239
878	1988
140	3752
56	1968
140	3961
56	2034
423	1062
823	2274
1139	1273
140	3602
1	19
122	2077
140	3558
244	3009
244	3003
78	258
60	109
140	3469
1800	2753
114	2426
244	3002
78	248
78	334
94	1725
82	2800
140	3343
876	2516
27	1287
904	3246
590	2868
1	28
9	2348
1641	2522
188	697
390	1267
16	1365
566	1833
114	2400
114	2379
78	268
82	2863
734	2839
45	2737
76	1766
200	2241
200	2132
1448	1806
44	878
51	316
458	1194
140	3993
1	66
140	3917
140	3660
200	2201
200	2230
878	2063
140	3301
56	2037
188	514
98	390
82	2869
1280	1806
82	2830
172	2522
390	1270
53	2094
1747	1817
1927	2103
188	855
200	2205
78	432
390	1274
172	2525
155	965
1083	3634
893	2785
2111	2857
140	3509
390	1266
78	460
82	2826
140	3589
140	3328
1817	3030
82	2814
140	3919
78	310
2400	2718
195	3871
82	2864
78	222
140	3590
974	1021
140	3983
127	1705
1	58
82	2806
114	2304
200	2222
56	1995
114	2325
200	2150
1118	1987
140	3764
1139	2875
74	432
56	2005
82	2526
56	2044
114	2302
76	1437
140	3866
82	2867
140	3694
56	2026
1970	2109
82	2879
950	3926
140	3686
1588	4042
82	2803
54	139
887	2771
200	2235
200	2221
78	216
82	2797
390	1261
56	1990
1168	2753
76	1701
140	3401
140	4005
1	26
543	2905
423	1067
2253	2837
39	1588
140	3392
56	1948
114	2307
875	3785
200	2245
915	2970
1768	2254
56	1973
876	1259
200	2204
56	2025
182	1287
76	1540
114	2339
78	259
76	1638
78	376
2868	3924
140	3393
78	285
82	2809
1355	2254
56	1955
327	585
2379	2737
172	2531
78	414
200	2166
114	2387
140	3980
82	2222
200	2156
90	2837
1	20
1691	2575
82	2889
2013	2271
78	256
2111	3136
543	1705
1806	2798
76	1378
140	3718
114	2289
200	2220
140	3910
76	1580
1768	2831
1806	2288
1	59
200	2231
140	3300
140	4000
54	130
140	4045
1	70
188	849
390	1285
56	1967
76	1582
2429	2737
140	4009
51	109
78	303
76	1450
200	2209
2057	2947
390	1280
200	2208
922	1747
543	2860
140	4036
188	605
887	2392
439	1116
74	214
114	2404
39	2737
172	2544
82	2874
244	3017
53	2095
27	1819
140	3353
878	3699
140	3416
114	2423
114	2344
82	2795
1	34
78	302
56	2012
82	2837
200	2170
292	1971
128	3330
200	2232
114	2334
78	328
390	1268
1	51
127	574
140	3637
1265	1970
1987	2832
60	273
200	2203
140	3820
82	1273
140	3886
1806	2730
140	3775
114	2347
566	1964
929	3785
82	2819
76	1589
1	36
151	2332
76	1694
76	1489
114	2317
200	2249
87	1902
140	3883
140	3612
56	2016
65	2718
56	1983
101	2679
140	3879
2063	2111
114	2395
140	3675
200	2219
78	390
140	3772
59	2737
74	259
200	2212
140	3962
114	2393
225	2882
2720	2864
200	2244
200	2174
147	3649
82	2859
2449	3968
390	1265
1552	2864
140	3953
114	2319
114	2343
114	2455
1430	2257
243	3090
387	851
140	3433
244	3018
76	1444
59	1970
78	321
449	2069
1013	2621
140	3403
114	2416
775	1943
140	3937
390	1262
1809	3732
1161	1660
140	3656
114	2293
140	4033
1355	1806
78	247
53	2104
140	3931
76	1556
59	878
1	30
200	2233
342	2531
200	2164
56	1942
519	2476
200	2124
76	1715
114	2467
390	1275
56	1972
1028	2254
114	2446
878	2000
225	1265
82	2901
78	304
3027	3820
76	1577
82	755
117	390
56	1984
391	3234
140	3627
82	2824
200	2155
1768	3368
76	1610
1	41
114	2421
78	396
82	2831
1	52
1	22
140	3780
1	37
82	2880
114	2432
1560	3743
78	266
59	81
737	2158
1817	3015
284	1182
82	2805
140	3972
78	366
114	2327
76	1724
423	1201
2348	2867
2939	3368
140	3429
140	3592
2015	2189
1821	3603
76	1512
82	2820
114	2361
929	2375
56	1985
140	3898
53	2108
114	2312
76	1758
82	2884
885	960
1	25
140	3974
2348	3785
244	2995
82	2844
140	3677
76	1576
46	1723
1819	2118
140	3989
82	2888
200	2187
1605	3311
1833	2014
1	35
9	390
647	2677
56	1958
114	2445
140	3648
200	2146
114	2356
140	3620
82	2878
390	1276
791	2922
1028	1265
82	2796
390	1260
76	1374
140	3784
200	2236
200	2163
385	1792
82	2848
60	1725
62	2348
396	3174
25	74
114	2301
734	1923
78	351
41	1768
992	2753
114	2358
78	190
140	3986
82	2840
53	2113
1	33
56	2038
114	833
78	369
1265	1768
140	3277
880	2587
140	3614
2741	4087
1	21
140	3853
140	3654
114	2420
54	104
56	2032
56	2035
114	2413
140	3538
200	2143
82	2866
82	2895
919	1972
387	478
82	2870
707	3546
78	325
114	2390
200	2172
82	1747
939	3959
811	948
133	2867
60	1330
1028	1617
200	2173
1139	3820
54	98
140	3257
140	3837
188	725
142	390
1270	1806
114	2342
200	2180
140	3847
566	2850
647	2394
76	1480
2253	3463
78	421
78	337
390	1271
1552	3003
140	3991
2394	2666
78	411
140	3456
172	2548
82	2849
200	2120
76	1779
82	2808
114	2456
78	209
62	1725
1	65
78	435
1105	3027
54	170
140	3819
114	2370
82	2881
82	2891
200	2129
1	68
78	282
140	4037
360	2918
929	2392
389	3027
140	3905
140	3787
82	2902
82	2845
140	3555
140	3730
1	48
76	1641
200	2159
82	2871
82	2846
1345	2746
200	2242
1369	2746
195	3617
91	3336
1809	2022
426	2185
76	1726
140	3979
53	2099
1286	1471
82	2885
114	2391
140	3852
101	786
244	2999
395	1202
1308	1370
82	2822
172	2539
114	2353
390	1263
56	1963
76	1386
78	433
76	1536
1	61
203	893
1	62
78	352
140	3562
543	3752
140	3603
76	1609
553	1365
140	3708
3027	3497
390	1273
1007	3655
56	2021
35	1768
82	2857
1824	2449
78	210
366	2119
1259	3334
929	2367
2392	2718
1257	1806
76	1644
9	1053
78	214
82	2852
1	17
82	2862
82	2903
44	1588
188	683
1	60
390	1259
1	40
78	387
140	3250
1629	3293
78	332
62	3334
375	2271
114	2428
411	851
1139	1271
308	3780
725	3174
1127	3809
1084	3809
580	3325
593	3284
140	3284
380	876
82	467
171	2986
918	1945
316	1525
76	1525
76	1501
316	1501
1824	1884
585	3541
815	3541
480	728
188	728
54	129
89	129
223	851
402	2532
172	2532
449	1820
2659	3073
316	1411
76	1411
530	3122
140	3306
3259	3306
107	1605
122	2085
438	3867
140	3867
1371	2995
878	3004
316	1503
76	1503
123	200
3405	3514
140	3405
316	1698
76	1698
316	2122
140	3556
593	3556
140	3467
2630	3467
1000	3785
1023	1365
647	2857
3841	3992
140	3992
56	2017
56	2033
2017	2033
585	3821
188	790
504	790
56	333
78	333
78	199
78	208
199	208
82	2858
151	2858
1672	2537
140	3881
520	3881
569	4060
136	2077
449	2077
899	1909
56	1988
81	1988
647	4049
140	3642
3333	3642
76	1469
441	1469
3628	3629
140	3629
140	3628
2547	2551
172	2551
172	2547
82	2829
82	2851
2829	2851
2099	3601
2099	3460
76	1402
316	1402
140	3505
3505	3638
140	3638
78	283
283	284
462	1664
76	1664
458	601
593	3540
140	3540
3733	3878
140	3878
687	3626
140	3452
438	3452
588	1259
277	3020
244	3020
286	1432
286	1958
1432	1958
893	4090
1028	4090
1565	2516
76	1684
316	1684
385	1398
543	2537
1814	2537
200	2207
166	2207
1222	1944
1944	2084
1138	1366
1366	2085
863	1768
1802	1817
76	1506
316	1506
647	2892
2892	3311
76	1642
1613	1642
915	3007
82	2818
82	2850
2818	2850
223	1203
875	2254
69	2630
2630	3871
140	3871
82	2815
2815	2833
82	2833
83	947
147	947
140	3850
3849	3850
316	1398
76	1398
3624	3653
140	3653
1783	3245
2832	2994
221	2832
1	39
27	2737
887	1265
2351	2352
114	2352
114	2351
1028	2778
378	2778
316	1591
140	3262
255	3262
140	3663
2630	3663
893	3683
2699	3927
140	3927
593	4004
140	4004
114	2457
78	191
44	56
1	44
3285	3613
140	3613
244	3007
370	3007
200	2131
175	2131
788	3215
1438	2158
974	987
967	987
76	1463
316	1463
140	4003
593	4003
3387	3388
140	3387
566	1448
114	2435
876	3497
282	1365
102	1974
56	1974
75	1415
76	1415
444	1699
76	1699
140	3497
2608	4026
172	2543
875	2543
114	1411
1411	2297
342	1581
76	1581
1736	3038
3928	3929
140	3929
140	3928
78	202
172	202
101	2001
740	4027
92	2008
56	2008
823	3914
133	1943
56	1943
342	2443
114	2443
140	3388
3388	3492
156	2865
82	2865
149	2253
1924	2253
841	1824
56	2000
81	2000
1977	1986
56	1986
56	1977
114	2377
91	2377
140	3463
593	3463
588	619
188	619
588	2540
140	3661
2630	3661
239	2218
127	2788
339	2788
242	428
78	428
296	2435
2630	3256
140	3256
354	3781
140	3781
2088	2799
178	499
478	2540
2743	4094
647	2783
235	4064
1031	4064
1161	1356
581	1870
1139	1870
823	2892
273	2892
3626	3681
140	3681
929	1227
114	2286
342	2286
873	2931
195	3683
1028	3683
62	109
62	1053
845	2526
466	699
1666	3351
140	3351
390	1269
1269	1279
390	1279
140	3888
3888	3889
140	3889
929	1979
3295	3454
140	3454
136	1520
593	3762
140	3762
114	2380
114	2281
2281	2380
2027	2028
56	2027
2715	2716
378	2716
316	1723
593	3821
3372	3373
1334	1490
932	3234
140	3539
2630	3539
79	902
83	902
1108	1308
39	81
593	3285
140	3976
438	3976
932	1824
188	832
691	832
1483	3743
1483	3311
1	27
617	707
13	962
74	962
3364	3365
140	3365
114	2349
1783	2349
3276	3985
140	3985
200	2191
200	2206
2191	2206
140	4010
2215	4010
974	980
967	980
2792	4067
2630	3341
140	3341
560	1431
76	1431
140	3575
3575	3576
140	3576
2430	2510
188	713
581	2767
1028	2959
1046	2959
1164	3099
140	3411
3333	3411
175	1673
76	1673
271	3100
2630	3619
458	3715
56	1979
89	159
113	551
2433	3311
56	2036
277	2036
2142	2783
803	2783
498	846
188	846
301	3870
1793	3870
79	3669
618	1839
140	2688
233	2688
3255	4006
140	4006
140	3255
2630	3255
1218	2040
742	2040
140	3955
281	3955
1373	1745
76	1745
140	3916
3109	3916
80	2856
107	1980
56	1980
18	316
18	416
2855	3699
380	2855
380	3699
2117	3699
577	2055
56	2004
79	2004
2234	2480
90	1448
1894	3311
1888	3311
967	1012
974	1012
105	167
54	105
54	167
76	1509
186	1509
2567	3632
233	2649
593	2649
1470	2385
1474	1559
79	2799
213	710
172	2549
279	2549
1182	2013
2013	3401
1370	3354
1370	2690
140	3537
416	3537
3733	3735
140	3735
78	275
239	275
2595	2878
1182	2856
655	1725
46	1000
76	1658
186	1658
1927	2931
2271	2555
1139	2883
172	2554
1345	1914
419	1914
3361	3373
140	3373
140	4055
3296	4055
114	2365
2305	2365
140	3413
213	3413
82	2335
1074	4076
1633	1935
343	1772
140	3932
3108	3932
3220	3793
1801	2098
2315	2439
114	2439
3208	4093
235	4073
512	2771
543	2771
1824	2512
2793	4060
142	163
54	142
54	163
155	2540
172	2540
140	3674
3317	3674
910	1448
343	2013
458	2013
1736	1929
647	2433
82	1265
81	1265
140	4008
123	2737
451	3007
470	3007
140	3808
2630	3808
140	3526
3526	3527
1304	2482
2082	2482
221	647
613	1749
140	3595
3427	3595
2812	2821
82	2812
82	2821
2748	3141
286	2799
647	3231
305	647
13	961
74	961
200	2179
200	2181
2179	2181
2088	2278
658	4093
3626	3890
140	3890
3280	3998
140	3998
1310	1744
2630	3591
140	3591
140	4019
3258	4019
291	1970
1080	3849
140	3700
584	3700
764	1405
76	1405
195	1405
1768	3960
2737	3960
112	2103
53	2103
3434	3943
326	434
78	434
3258	3515
140	3515
172	2555
2548	4063
370	2548
789	1987
1970	2348
730	2323
140	3909
2215	3909
1528	2837
82	2898
102	2415
114	2415
868	1027
217	594
93	2454
342	2454
483	1198
1711	2641
1711	2593
2630	3658
3541	3712
140	3712
3292	4058
140	4058
172	2527
91	2527
3295	3474
140	3474
2029	2981
114	2444
108	2444
2015	2341
114	2341
1806	1810
1656	1927
54	158
158	159
54	159
2630	3790
140	3790
1478	3710
140	3710
3710	3908
140	3908
3530	3531
140	3531
140	3973
3733	3973
309	1182
309	3401
1182	3401
1828	1951
950	1237
140	3658
140	3758
3658	3758
225	3683
140	3683
82	2003
56	2003
74	253
74	176
176	253
78	253
78	176
95	1474
140	4011
3217	4011
2263	3228
241	3228
140	4054
2630	4054
290	1794
893	1794
593	2681
233	2681
1372	2516
151	2110
221	876
140	3925
3924	3925
2010	3050
114	2375
133	2375
1346	3115
884	1346
762	1833
281	3641
140	3641
1943	2718
1768	1943
79	886
608	1185
296	1725
419	1345
1890	2103
1821	2103
1116	2561
78	359
359	370
140	4051
2633	4051
1341	3849
144	2900
1833	1839
362	1806
101	1806
220	1036
95	3477
140	3291
3291	3295
342	2499
1585	1844
245	2100
53	2100
273	3828
1030	3828
3729	4035
140	4035
652	3527
140	3527
608	2577
140	3632
140	3579
383	3579
282	2088
282	2089
1532	3093
1547	2925
473	2925
791	2303
1023	2088
1023	1053
1053	4060
2168	2186
200	2186
200	2168
81	2892
82	2892
2773	3669
90	1844
267	657
2753	3906
652	3830
140	3830
140	3858
446	3858
1202	1932
2296	3870
458	1347
1414	4063
140	3655
1416	3655
140	3331
3331	3361
5	212
212	213
78	212
1609	2011
1609	1871
140	3332
3332	3333
271	2256
958	2915
2915	3924
3476	3499
140	3499
78	257
1817	2785
242	2785
140	3559
3292	3559
2687	3237
629	2963
127	2335
114	2335
1365	2089
1139	2798
81	2798
82	2798
242	2784
566	1600
1028	4073
155	4073
3242	3966
178	960
140	3880
3707	3880
80	2122
128	2909
86	2112
53	2112
2773	3497
114	2372
267	2372
1611	2603
2625	4007
140	4007
54	148
102	148
2081	3404
1927	3404
46	1806
1030	1934
2700	3611
516	2106
1308	3093
140	3476
3449	3476
140	3449
3795	4014
3607	3823
566	1936
140	3553
3258	3553
1772	2468
83	903
192	903
1813	2263
876	3231
2913	3061
140	3287
2630	3287
42	93
42	316
15	133
2287	2388
114	2287
114	2388
200	2140
200	2182
2140	2182
82	2799
1074	2799
3379	3851
140	3851
1527	2178
458	938
2435	2994
155	2435
1817	2784
618	2784
76	1583
1583	1584
1793	2900
1731	1732
76	1732
78	330
106	330
928	1792
736	3266
140	3450
3258	3450
101	2109
53	2109
155	3913
516	1107
1	15
1053	2817
89	1979
943	1979
2010	2271
1033	2512
1470	2995
89	2995
3266	3807
140	3807
878	2454
114	2454
816	2117
186	1575
76	1575
919	4060
1927	2118
286	2118
1208	1312
1312	1819
1304	3669
156	1776
75	1776
919	3028
543	1259
513	1898
140	3511
3295	3511
39	1970
140	3496
1330	3496
670	2928
606	607
1	5
3678	3679
140	3678
202	4060
202	4059
4059	4060
374	4060
80	1554
1672	3896
241	3204
140	3204
342	3870
1817	3870
823	3870
1334	3870
939	1802
1330	3510
140	3510
884	2457
155	2457
188	729
3519	3549
140	3519
815	1356
2657	3112
374	1032
887	1969
543	1647
407	960
198	407
917	1304
1838	1927
376	3115
910	2522
1528	1838
287	3743
903	1419
903	2972
56	1969
659	1969
566	941
360	3649
140	3649
3251	3649
1769	3386
1769	2215
246	2856
520	1605
76	1605
875	1775
914	2637
647	914
984	2828
2648	3087
540	951
876	885
1307	2817
1089	1443
458	1995
195	1995
140	3283
3251	3283
742	1394
140	4015
4014	4015
140	4014
1118	1433
1433	2856
758	1433
554	3975
76	1709
89	1709
2064	2564
3536	3835
140	3835
140	3536
3333	3536
2878	3173
1401	3173
501	1696
133	2392
114	2392
3205	3906
69	588
69	140
1001	2753
1074	2088
2121	2126
200	2126
383	3829
140	3829
3480	3969
1	9
82	2828
444	1349
196	197
151	3295
362	1810
147	1810
46	2348
82	2810
2817	3677
570	3677
74	182
74	204
182	204
78	182
95	2430
200	2152
2121	2152
140	3957
3273	3957
140	3273
531	3273
950	3981
242	277
686	2177
200	2177
1817	2048
151	1880
200	2243
686	2243
1809	1970
140	3821
2125	2141
239	3581
114	589
75	2522
2323	2522
1046	2429
652	3954
140	3954
76	1702
520	1702
1744	3110
2253	3497
1365	1486
402	2336
920	2336
244	2997
1053	2089
2088	2089
53	2105
1713	2105
114	2297
267	2297
1253	3626
82	2807
2022	2807
200	2185
686	2185
440	1725
3352	3802
960	1500
45	2348
133	1259
772	3930
140	3930
16	887
2667	3610
200	2237
200	2178
2178	2237
286	2433
1927	2433
342	2433
1401	2219
458	2219
93	2882
922	2882
588	941
114	2376
267	2376
647	1001
644	1813
3823	4016
140	4016
3314	4008
1223	2599
94	1507
885	3971
2561	3200
885	2561
1334	2084
273	1618
76	1618
95	1618
918	3354
939	2385
788	1416
788	2215
1416	2215
195	1896
46	2773
1291	3266
93	1800
699	2488
1586	2973
1171	3050
2816	2994
195	2816
2800	3103
1578	2800
929	1215
127	1215
932	2323
929	932
483	3117
1053	4023
677	4023
114	2402
2101	2402
734	3849
588	3619
140	3619
140	3753
1316	3753
56	2048
91	2048
1053	2048
878	1907
959	2350
391	2561
1053	2561
515	2996
360	2391
543	1276
2260	3568
2254	3568
2222	2601
1334	2222
1371	2222
1108	2106
1470	2430
913	2430
79	317
929	2995
252	2995
647	930
930	2753
2941	3477
458	3477
587	1584
3174	3963
78	407
232	407
407	512
82	1051
127	3926
875	3669
376	887
72	2775
1217	3027
13	960
79	1802
138	1802
81	1802
1802	1833
805	2062
949	2062
2828	3185
781	1129
687	781
1484	2996
2856	2996
342	2457
1927	2457
1793	2433
770	2268
114	2101
53	2101
1	16
16	56
16	82
1975	2085
730	1154
512	1154
458	1818
326	1818
1818	1819
795	1824
609	860
686	2214
1223	3230
95	3185
3185	3311
551	740
172	2541
876	1371
950	1238
851	2178
1401	2499
686	2195
151	287
1334	3497
416	3617
140	3617
3616	3617
3086	3174
200	2123
2294	3050
875	2256
948	2495
101	1791
1791	1891
1819	3117
1047	3949
932	1485
380	2117
2601	3330
822	931
931	3161
734	931
151	2295
151	1783
554	1171
647	1989
343	894
316	1259
286	3926
1665	1793
1953	3010
56	1950
1950	2039
1950	2720
1036	1493
875	2900
136	2433
54	77
145	2106
1030	1467
9	1768
734	1850
1196	1912
2470	2886
2470	2953
2886	2953
82	2009
732	893
1171	2111
385	3969
1139	3969
343	2541
458	2541
595	2541
2610	3608
2385	2753
486	553
991	3340
985	3340
984	3340
3697	3734
3697	3733
140	3697
3733	3734
140	3734
932	939
53	2116
2110	2116
1068	2116
53	2110
354	3213
416	3213
241	3213
503	2654
543	1435
939	943
292	858
924	3632
239	254
878	2184
127	2184
3108	3573
140	3573
566	3573
200	2226
200	2225
200	2227
2225	2227
2226	2227
2225	2226
1	46
438	3446
3446	3836
140	3446
140	3705
140	3924
502	2078
122	2078
2061	2078
326	1863
175	1863
215	1863
138	1287
138	1887
138	191
1287	1887
191	1287
1202	2103
1639	3020
3426	3428
3427	3428
140	3428
3426	3427
140	3426
2122	2210
2122	2176
200	2122
172	2546
2545	2546
763	2546
763	2545
172	2545
656	1759
78	363
127	2041
76	1595
1063	1545
1205	1545
1527	1545
140	3326
3325	3326
3326	3327
1517	1950
1546	1950
1950	2234
140	3911
563	3911
3114	3911
1443	2513
2575	3776
140	4048
4047	4048
3316	4048
3316	4047
140	4047
1371	1860
93	1705
1281	1282
390	1281
1281	1283
390	1283
390	1282
1282	1283
393	1888
127	2010
15	102
15	56
15	112
734	2921
2694	2695
1308	2695
233	2695
2246	2247
200	2247
2169	2247
200	2169
200	2246
2169	2246
869	2071
951	1981
155	1981
56	1981
1179	1637
863	2190
875	1887
872	1887
191	1887
191	872
191	875
39	342
39	56
39	93
2294	2412
114	2412
267	2412
75	2810
73	2810
2810	2911
342	2417
2417	2418
114	2417
114	2418
342	2418
109	2118
53	2118
81	2118
72	4038
127	3657
393	3657
140	3657
1161	3072
354	3897
140	3897
3266	3897
1078	1198
688	2978
566	2978
171	2978
82	2853
2853	2893
2853	2894
82	2893
82	2894
2893	2894
3796	3797
2630	3796
140	3796
3237	3859
78	392
279	392
172	392
593	3665
140	3665
1330	3665
3422	3588
76	1617
343	909
707	3870
2041	2718
1652	2791
339	1652
707	2056
621	2262
416	3159
292	3159
241	3159
2697	3034
215	3034
243	3034
2605	3793
1055	2149
604	2149
1031	1345
588	1663
1668	2272
1443	3012
971	1009
969	1009
114	2359
342	2359
2294	2359
184	3205
960	2085
487	2085
1138	2085
884	1872
927	2792
415	2792
91	2792
140	3912
575	3912
3406	3912
2118	2637
73	2913
709	2510
297	2469
824	1553
1218	2367
604	1631
678	1631
76	1631
924	2932
76	1722
136	1722
1425	1722
1960	2977
140	3414
593	3414
2572	3414
232	718
221	3626
3470	3569
3472	3569
21	204
78	204
189	204
21	189
21	78
78	189
2630	3964
140	3964
652	3964
1873	2732
1821	2732
739	1129
653	1129
1129	2946
613	1129
739	2946
1695	2215
1309	3786
470	757
1276	2939
1276	2773
1276	2601
851	2878
273	1404
864	876
575	3586
1330	3586
140	3586
2596	2597
233	2597
2570	2597
3126	3278
3126	3249
620	2090
1161	3981
556	1752
76	1752
1752	1753
556	1753
76	1753
188	698
515	698
452	698
217	1040
1616	2192
910	4057
3506	3507
2577	3506
140	3506
2577	3507
140	3507
1666	3219
794	1666
140	1666
1603	2071
78	437
93	327
172	327
78	327
1358	1359
76	1358
308	1358
1357	3971
232	3971
644	3971
3258	3364
3364	3662
140	3364
140	3662
3258	3662
632	1983
1176	1983
1458	1983
160	1357
3313	3857
140	3857
3251	3857
1389	2128
200	2128
686	2128
1016	3725
140	3725
3724	3725
504	857
504	856
188	856
856	857
188	857
566	2751
552	1864
425	3581
340	3581
2704	2891
949	2891
1601	2891
73	2917
543	2917
2912	2917
331	589
180	181
78	181
179	181
78	179
179	180
915	1219
423	1219
796	1219
279	2911
73	2911
732	1775
140	3292
3292	3498
3253	3292
3253	3498
140	3498
588	2118
95	2118
1028	2878
1547	2516
380	2526
470	718
188	718
834	1120
76	1735
436	1735
1734	1735
80	1675
76	1675
107	1675
3329	3330
140	3330
2630	3330
574	903
903	1637
299	3051
354	3051
243	3051
449	1129
56	2007
378	2726
2718	2726
884	2726
2726	2737
2121	2184
1486	2121
1541	2791
2791	2792
339	2791
473	1630
76	1630
186	1630
79	439
2570	2639
2575	2639
233	2586
2584	2586
2585	2586
3349	3544
140	3544
3434	3544
82	1792
1971	2098
2097	2098
186	3020
195	1806
487	1806
1368	1806
688	2990
566	2990
171	2990
95	1329
125	964
125	965
125	963
963	964
964	965
963	965
56	124
74	124
54	124
339	2793
1764	2509
1089	2142
2462	2465
114	2465
2461	2465
2461	2462
114	2461
2333	2461
13	959
106	2433
114	2433
81	2433
950	3933
950	2524
53	2114
2114	2115
113	2114
113	2115
53	2115
3385	3390
3385	3391
140	3385
413	1353
1353	1354
1353	1355
76	1731
76	1774
76	1773
1731	1773
1773	1774
1731	1774
188	858
578	858
452	858
1122	1782
799	3325
1419	2057
102	2013
56	2013
79	2013
236	237
235	237
78	237
1485	2781
736	3636
383	3636
140	3636
369	2256
369	2260
369	2254
695	915
458	2118
2118	2753
443	2118
1964	2097
1971	2097
53	2097
3329	3434
2630	3329
140	3329
1	45
824	2007
878	2007
74	2007
82	2228
172	1705
1053	1705
76	1705
342	2028
56	2028
449	2028
1185	3134
416	3134
241	3134
378	2764
235	2764
1028	2764
1053	2900
1817	2900
269	1593
1093	1593
80	1593
3313	3824
140	3824
3251	3824
140	3828
383	3828
1308	3828
516	2982
564	2982
171	2982
919	2832
107	2832
3803	3804
140	3804
3802	3804
3802	3803
140	3802
3514	3802
3285	3802
2192	2248
686	2248
200	2248
686	2192
200	2192
82	2606
823	1123
1244	4086
2742	4086
1824	2641
658	2641
2593	2641
1716	1717
1717	1718
76	1717
1716	1718
118	1520
1519	1520
76	1520
1619	2296
2692	4026
3174	4026
140	4026
588	2335
510	2335
566	2335
466	2564
700	2178
1297	2178
478	2178
2630	3372
2630	3285
1880	3776
678	1714
76	1714
604	1714
627	1115
458	1510
93	1505
919	1505
76	1505
1470	2117
1578	3103
140	3451
566	3451
613	3451
721	2948
443	721
2694	3091
1324	3594
2682	3051
2635	3051
2621	3051
223	1052
223	3100
2856	3792
1054	2515
1203	2515
823	3498
1077	3498
1306	3498
82	2092
467	4039
140	4039
3145	4039
751	3033
1891	4091
3	6
3	878
3	4
1	3
151	2782
1434	2669
1434	1990
284	1434
95	931
83	931
898	931
83	944
879	944
878	944
375	652
291	2983
1528	2983
171	2983
232	2745
770	903
903	1076
903	1172
123	3237
530	3288
1851	1929
1851	1899
292	3293
416	3293
140	3293
223	1515
745	1821
553	2058
553	2055
553	2559
301	2098
53	2098
458	2499
132	693
2753	3870
140	3870
3354	3870
2737	3981
113	441
364	365
78	365
177	365
796	1065
915	1065
423	1065
128	2117
2599	2687
233	2687
652	2687
290	1802
1793	1802
140	3975
588	3975
3180	3975
2228	2770
111	2770
1309	1328
1303	1309
240	1792
240	1791
418	3231
94	1821
1030	1623
286	1695
2323	2478
350	1993
1781	4084
960	2922
3029	3069
225	3069
243	3069
1546	2609
1048	3632
1139	3632
370	3632
481	3632
698	1044
698	1233
698	1166
1971	2294
55	904
449	2747
556	1329
937	1674
2666	2694
171	2942
2941	2942
520	2942
140	3869
292	3869
446	3869
140	4023
140	3419
3419	3626
2008	3419
3419	4023
2008	3626
3626	4023
2008	4023
2283	2285
114	2285
2284	2285
1020	3356
1783	2452
353	3087
243	3087
444	3087
166	1847
2442	2462
2333	2462
114	2462
3380	3913
2706	3913
5	919
342	811
811	1138
465	811
2474	2506
186	1666
76	1666
232	1666
438	2678
233	2678
140	2678
694	791
188	791
587	1720
2189	2718
862	4070
2630	3415
3251	3415
140	3415
531	1447
537	1447
76	1447
140	3873
3249	3873
3278	3873
516	2868
2868	2935
1548	2868
1552	2144
1811	1812
147	1811
362	1811
1320	3447
1470	3669
687	1129
588	1595
554	1595
136	1595
184	1325
734	3052
355	3052
243	3052
1316	3190
140	3190
241	3190
267	2431
2316	2431
114	2431
403	1983
2696	3564
140	3564
416	3564
809	810
566	809
188	809
566	810
188	810
1169	3061
1603	1941
2476	3237
353	3276
416	3203
140	3203
241	3203
140	3436
2628	3436
3435	3436
684	1460
1460	1461
76	1460
1149	1304
277	908
83	908
874	908
866	908
893	1781
1168	2500
286	2500
168	2500
1334	2719
1323	2719
1139	3785
102	3785
140	3785
370	3785
308	3316
442	3316
370	3316
326	1867
326	1869
326	1868
1868	1869
1867	1869
1867	1868
901	1153
1108	2555
673	3100
699	3913
555	1129
109	2732
2215	3185
915	1066
423	1066
502	1066
386	835
835	1443
1643	3427
1365	1504
458	1617
1617	2515
1459	1617
140	3490
3126	3490
416	3490
3650	3884
3345	3884
140	3884
794	3600
593	3600
140	3600
627	1129
627	1519
627	4027
406	2673
1	6
1	7
401	3390
426	3390
292	3390
3567	3569
3568	3569
140	3569
2299	2340
2300	2340
114	2340
1435	3027
1435	2737
1435	2718
2082	2928
752	1163
752	1206
870	2098
930	2509
590	2142
590	1756
331	590
376	896
376	1743
376	1507
918	2106
540	2856
2215	2856
111	2856
1069	2856
54	153
495	3054
588	1898
588	1899
3313	3659
3253	3659
140	3659
1517	2210
2056	2994
125	244
3447	4046
1601	4049
804	4049
279	1849
1153	1849
515	1849
1175	1622
353	3626
140	3626
72	3626
219	3626
219	353
107	161
145	161
54	161
2295	2313
114	2313
2313	2314
438	3484
2630	3484
140	3484
426	2367
1311	2776
452	1412
76	1412
520	1412
172	740
188	740
76	740
140	976
128	2856
82	2856
115	2856
466	2064
925	2064
93	2555
75	2555
301	2268
241	3029
243	3029
225	3029
864	1788
2056	2754
1817	2754
1321	2369
115	2369
114	2369
2368	2369
115	2368
543	3086
76	1780
449	1780
385	1780
1584	2754
478	2754
1098	2743
140	2589
406	2589
233	2589
244	3012
93	3012
458	3012
386	3012
3309	3508
53	1964
1964	1971
1243	1976
1578	2690
1578	3354
1578	1824
217	652
82	2906
2906	2907
2906	2908
82	2907
82	2908
2907	2908
3274	3275
3274	3276
140	3274
3275	3276
1357	2971
140	3716
3715	3716
3716	3717
140	3715
3715	3717
228	1681
531	1681
76	1681
566	1293
1118	2111
91	1970
56	1970
45	1970
1375	2981
121	2106
53	2106
79	2106
380	845
1756	3696
3028	3696
2018	2020
56	2020
2019	2020
2018	2019
56	2019
2121	2223
2223	2224
200	2223
200	2121
2121	2224
200	2224
800	801
851	2965
286	2115
1817	2115
95	1832
1831	1832
326	1832
114	894
126	1546
901	2529
647	2782
822	2782
308	1276
90	1276
879	1276
652	3997
1308	3776
893	1802
1802	2486
286	1802
1802	2473
784	2666
2630	3797
140	3797
3423	3797
3223	3943
3608	3943
1759	3209
3285	3372
11	74
12	74
393	3996
2538	2841
82	2841
223	2841
140	3907
652	3907
383	3907
223	2523
2523	2905
82	2523
223	2905
82	2905
127	2385
114	2385
3913	4057
682	1476
2779	2954
3266	3425
140	3425
354	3425
566	3859
391	2509
123	823
295	656
114	2058
892	2913
1768	2913
543	2913
2912	2913
1783	2386
114	2386
342	2386
588	1482
2630	3422
172	1413
353	1990
549	3097
549	3095
549	3094
319	2748
140	3269
3269	3644
3269	3823
195	4094
370	1348
1348	1356
413	1348
851	1039
2935	3842
960	2860
140	3812
1308	3812
2689	3812
226	3742
226	2753
226	647
1484	2704
741	2053
1196	1817
243	3086
868	878
2323	2550
398	3189
3062	3189
241	3189
437	1443
781	3308
416	3754
1330	3754
140	3754
438	2639
2638	2639
233	2639
3546	3567
3673	3813
3258	3813
140	3813
238	239
1118	2856
1817	2786
2782	2786
242	2786
261	1917
3840	3978
140	3978
3977	3978
2323	2994
1202	2994
79	2994
75	2927
156	2927
73	2927
1903	2927
876	2117
929	2117
198	540
2272	3383
3226	3383
140	3383
114	2403
2292	2403
2291	2403
273	3497
823	3497
1139	3497
1817	3497
1164	1981
1076	1981
734	1981
2630	4053
135	2728
2746	3067
2096	2746
742	1218
567	2595
1891	1918
54	125
2814	3143
1028	2814
273	2814
1365	1893
131	2952
140	3278
383	3278
3249	3278
1028	1569
391	2258
391	2255
3025	3174
1227	1487
128	2480
90	3100
90	2759
566	875
1459	3129
229	3594
1046	2524
718	929
718	913
271	718
458	718
95	718
718	1528
114	2381
86	2381
2300	2381
86	2300
3333	3920
2288	3139
976	3376
2176	2980
197	2176
1862	2176
1016	3724
458	2513
137	2550
107	2508
225	323
78	323
322	323
2001	3513
1401	1820
555	1820
458	1820
326	1820
118	330
330	2328
330	2323
109	330
751	2759
1821	2002
192	2002
56	2002
860	1961
331	1821
515	2106
1139	2106
106	2106
244	288
300	1648
106	1648
76	1648
140	3355
255	3355
2602	3355
1053	1849
567	1476
3861	3862
140	3861
383	3861
140	3862
383	3862
742	3100
1535	1854
1139	1796
290	1796
301	1796
937	1837
1944	3442
380	1107
380	2592
3431	3689
2288	2498
1603	2436
1334	2217
919	2093
470	1983
1526	3174
1234	1356
1031	1356
353	1356
1411	2051
1411	2052
939	1411
588	926
554	926
76	1467
273	1467
591	1467
675	1819
546	3482
546	1326
2900	3174
416	2900
630	4060
630	3491
340	4060
3491	4060
785	1472
1410	1824
930	2064
3766	3795
3361	3795
140	3795
9	316
426	2774
140	2491
2841	4080
910	1116
5	3027
5	2737
1546	1823
419	4069
286	4069
235	4069
123	144
342	427
4008	4063
273	4008
716	4008
46	950
618	1217
2041	3696
1876	2041
2041	2686
3296	4046
77	95
72	77
77	1528
1357	2022
644	2022
198	2022
1340	2022
82	2022
82	2040
56	2022
2022	2040
455	2022
2294	3036
2294	3027
1768	2294
2294	2729
1031	1223
423	1223
708	1223
229	3020
391	2728
343	2485
458	2485
168	2485
876	1041
1819	2878
90	758
423	1254
312	1254
255	1254
413	1352
437	458
959	2282
819	1233
2790	3050
82	1962
2001	2965
507	4068
56	1952
1139	1952
694	2860
263	1880
447	928
1384	2854
192	3971
140	3971
383	3971
887	2009
56	2009
937	2009
106	2009
920	1909
1935	2115
1076	2115
563	2115
2620	3495
1419	2972
2300	2354
219	591
499	748
188	748
582	748
2258	3020
2260	3020
2254	3020
1544	3904
106	1730
76	1730
1139	1730
3689	3690
3305	3689
3689	3766
140	3689
501	1174
802	1457
76	1457
72	1457
83	162
54	162
128	162
383	3249
140	3249
299	3249
930	1483
873	1483
604	2123
727	2123
1159	2123
219	2561
2001	2561
218	2561
236	457
56	2018
430	3386
1028	1346
349	1221
402	1898
577	1034
596	1034
2047	2732
81	2732
82	1954
114	2414
267	2414
1783	2414
1727	4093
550	1727
939	2582
233	939
225	939
1510	1586
319	1510
76	1510
195	1510
1	4
1	50
1	49
1182	2953
231	1602
2585	3130
2584	3130
615	950
1395	4007
1507	3926
305	2792
2264	2792
1139	2792
147	2792
1448	3014
1547	2515
1459	1547
898	4080
305	1082
305	1108
713	929
713	1883
279	2105
918	2105
1574	2105
188	781
2480	2776
1334	2480
1954	1961
114	644
239	644
305	3231
2323	2921
951	2088
3264	3622
2599	2647
233	2647
652	2647
82	2886
233	2638
570	960
279	3669
5	1359
2776	2996
730	1202
695	4082
695	4083
316	1693
694	3821
974	1022
972	1022
973	1022
1028	4081
3026	3218
374	1028
1053	2098
1584	1824
478	1584
1192	3363
652	3363
1177	3363
140	3363
3174	3363
726	2694
3352	3522
2061	2555
1139	2555
481	2555
2056	2555
257	851
257	548
257	458
132	257
1193	2787
273	2787
331	1089
652	781
638	781
781	3245
1824	2994
172	617
136	617
188	617
2630	3391
3390	3391
140	3391
2055	3491
2052	3491
939	3491
452	918
670	1764
922	2724
870	1053
870	1817
1430	3699
187	3699
1316	3968
600	3237
563	1823
556	1823
409	2098
1817	2098
1927	2098
286	2098
1180	2098
677	1370
3118	3359
932	3129
530	795
3251	3745
140	3745
3253	3745
1183	1756
53	2117
138	1905
887	1905
1892	1905
927	2111
235	236
3746	3747
140	3747
2630	3747
140	3746
2630	3746
2605	3970
2605	3727
466	930
342	2900
86	2900
82	2900
102	2900
2299	2324
2300	2324
114	2324
377	685
198	484
3523	3791
2215	3669
402	621
386	3140
1792	1993
1171	1993
1171	2071
121	1993
959	1783
527	3949
454	950
950	1186
140	3378
3357	3378
2630	3378
95	3196
3303	3352
543	833
833	1057
550	4093
1330	3652
140	3652
566	3652
873	938
2922	4057
423	1243
1099	1243
875	2816
616	1472
90	930
1783	2458
242	1817
1817	2782
724	3793
225	3793
140	3793
3793	3970
3727	3793
56	938
83	938
90	938
287	938
563	2509
951	1365
297	2323
2629	3470
150	286
3253	3666
3295	3666
652	3389
488	1720
520	1720
76	1720
2294	2711
3258	3372
370	1345
2737	3065
927	1552
1228	1383
91	1383
76	1383
1383	1486
107	1383
441	3482
706	3114
454	1186
102	439
78	439
93	439
439	2271
409	439
419	530
3352	3593
140	3593
3258	3593
175	3439
985	986
967	986
984	986
543	2767
635	1384
2878	2932
1443	2932
1028	2932
851	2932
1227	4062
707	3323
1824	3177
588	2966
2966	3058
887	3271
106	3271
543	1218
107	2138
200	2138
1616	2138
2138	2750
2138	4063
1118	2138
734	2837
1672	2837
2837	3237
594	2792
2792	2793
127	2793
1222	2084
76	1706
1706	1707
591	1706
238	240
195	238
78	238
714	755
106	1693
1139	1693
76	1693
875	2977
1010	2621
1010	1320
1396	3844
331	1756
1756	2142
90	4086
264	4086
1236	1983
217	375
1005	2630
707	1030
2680	3508
518	3058
2630	3361
3361	3766
749	3483
2064	2515
1459	2064
90	886
83	886
3367	3408
299	3548
3547	3548
958	1611
1835	1983
769	3933
1072	1406
1550	2076
279	604
1053	3497
75	3497
910	3497
195	3497
145	3497
478	3497
530	1112
1824	3063
2744	3076
721	1824
1175	2856
1240	1502
652	1584
83	940
79	940
95	3144
157	1910
647	3128
165	4077
1586	4077
360	4077
1107	2592
195	2986
458	3821
195	3821
343	3821
3578	3709
3266	3709
140	3709
764	1048
686	2200
686	2149
2841	2994
1824	3168
458	2772
1519	4027
1129	4027
3076	3237
279	1997
279	2847
301	1517
79	2070
386	1247
72	3533
55	232
55	172
220	370
136	220
126	2721
92	3669
3571	3849
3571	4049
1363	2718
2994	3682
1478	2554
3195	4027
349	479
240	1851
675	1519
1519	2510
297	929
297	1032
297	1060
128	246
90	937
873	930
657	2594
316	607
694	2385
915	4076
3124	3767
343	1041
79	1926
187	3209
2776	3645
1334	3645
512	2385
501	958
2475	2553
923	3208
502	2841
795	1472
56	1982
1319	1392
140	3926
470	2073
1112	3844
136	4042
140	4042
383	4042
1775	3370
9	82
9	56
9	81
9	1139
9	823
1063	3185
595	3185
225	3669
90	2256
1945	2081
1917	2081
360	2081
647	1416
1384	1951
1637	4079
574	4079
123	277
140	3995
1224	2111
1764	1870
555	1764
589	3046
1401	2878
1443	2878
458	2878
1817	2847
99	1817
128	1911
2529	2922
950	1228
794	4068
780	3348
308	1416
805	2398
851	1975
1443	3140
1032	2469
155	297
172	297
78	297
2320	2371
267	2371
114	2371
529	1092
1034	1303
1517	2176
3265	3266
140	3265
3264	3265
1150	3021
287	2564
241	3085
362	878
140	3669
1838	2041
477	3174
1069	3076
1028	2429
803	821
3280	3295
3290	3295
3295	3693
27	1927
501	1443
416	3901
2323	4076
1656	3060
299	3547
1363	3027
370	2117
824	2117
286	422
368	2090
1546	1708
291	3214
291	2773
198	960
198	2323
2320	2425
147	2275
1775	2623
458	2623
1122	1547
1151	1376
802	1039
471	1215
668	1215
1993	2071
1993	2082
939	1993
320	1993
880	1803
123	2718
123	145
123	2111
123	2720
123	1028
123	273
123	887
123	301
86	123
106	123
54	123
80	2350
114	2350
128	2350
2692	3571
383	3571
140	3571
449	627
476	1028
711	3120
623	731
501	3483
3438	3906
140	3906
3370	3906
184	3438
2554	2953
647	939
3245	3791
554	2262
45	878
88	3914
1927	3215
1823	3215
2001	2994
350	1971
350	1891
172	763
279	1574
5	1365
533	1218
673	1218
851	1218
915	1218
423	1218
415	927
91	927
83	927
74	927
802	927
143	1098
932	1847
1416	3597
443	1416
896	1507
896	1743
860	939
543	2083
1917	1945
2090	2323
458	2554
1836	2041
1176	1944
1185	1944
383	1944
652	1944
1862	2277
1361	1511
483	1511
483	1361
3244	3441
3244	3440
340	2526
880	2526
172	2526
286	2526
46	1649
1482	1727
2103	2323
391	3027
391	3129
1357	2781
970	4046
971	4046
2620	2633
1607	1880
3892	3893
575	3892
1330	3892
140	3892
575	3893
140	3893
1330	3893
140	3729
3309	3729
3729	3773
3465	3729
140	4041
2708	4041
852	4041
336	4041
2507	4002
891	1425
423	1037
1026	1037
603	1037
823	1037
1835	1848
488	1848
228	1848
326	1848
127	2792
339	2792
2790	2792
1541	2792
1247	1443
2299	2309
2299	2310
3466	3550
3550	3551
3550	3552
140	3550
3492	3580
3258	3492
140	3492
3361	3492
1674	2215
1	54
1	55
1	53
1	56
136	1613
1137	1961
588	1578
443	2274
165	1900
870	1900
114	1900
138	1900
1061	1422
1422	2856
2070	2954
1884	2070
1591	1740
76	1591
1591	1741
1591	1739
76	1741
1739	1741
1740	1741
76	1739
1739	1740
76	1740
76	1590
143	1590
357	1590
215	1590
2630	3833
438	3833
3356	3833
140	3833
340	3464
180	3464
106	3464
140	3464
76	1680
107	1680
604	1680
316	1680
388	501
501	1165
273	501
501	863
1046	2949
318	1040
342	2458
1906	2337
76	1640
1499	1661
228	1661
215	1661
76	1661
1206	4017
233	2634
353	2634
225	2634
2634	2635
1371	2136
676	2136
116	2136
937	2136
1033	2595
73	2923
156	2923
75	2923
149	2923
2515	2969
2516	2969
343	2969
1934	2976
171	2976
2962	2976
319	2976
878	1747
140	3445
3400	3445
3267	3445
3418	3445
166	2921
685	2921
144	2921
686	2921
1409	1824
510	1409
704	1409
1207	1308
219	3427
679	3427
219	679
2228	2746
1304	2746
1634	2987
1441	2997
184	629
526	2056
1243	1939
1759	3482
2011	2058
556	1614
76	1614
480	1614
478	1614
736	4022
735	4022
438	4022
140	4022
122	2057
398	2658
225	2658
233	2658
241	2658
140	3956
736	3956
2685	3956
2269	3956
2977	3233
1326	3508
1328	3508
510	1218
704	1218
478	1218
426	1218
913	1218
796	1218
1218	1824
3384	3580
3361	3384
3352	3384
140	3384
1734	2501
370	3386
1068	2981
1068	2495
2211	3215
588	1468
2570	2596
437	2953
437	1038
437	694
195	437
1783	2427
2424	2427
267	2427
114	2427
1783	2424
378	2746
1323	2746
1334	2746
642	2746
1422	3518
3285	3367
3285	3514
3285	3289
140	3285
1342	1356
1342	1349
413	1342
370	1342
413	1356
1349	1356
370	1356
413	1349
370	1349
1499	2323
140	3984
1308	3984
575	3984
505	3984
73	2057
3743	3999
198	2111
2568	3362
967	1014
1010	1014
971	1014
969	1014
2714	2929
3314	3315
3315	3316
3316	3570
3350	3447
2290	2438
114	2438
2291	2438
2305	2438
3731	3732
140	3732
3362	3732
2612	3732
2612	3362
3362	3731
140	3362
894	2117
420	2117
271	2117
90	2117
326	1370
659	1370
1370	1371
76	1370
1767	3786
662	2176
1195	1789
140	3977
3840	3977
3470	3977
383	3977
3470	3840
383	3840
140	3840
383	3470
730	2011
647	3611
140	3611
393	3611
3216	3611
1122	1864
301	1864
440	1864
756	1409
939	2785
2051	2785
2079	2785
2058	2785
354	617
299	617
617	652
617	1667
1569	1570
452	1570
520	1570
76	1570
1327	3583
1327	2630
1327	3947
3583	3947
897	1763
1170	1763
454	1763
2612	3731
416	3731
140	3731
2568	3731
904	2382
273	349
56	2042
128	2042
113	2042
2041	2042
113	2041
140	4053
3552	4053
3295	4053
3466	4053
349	1559
241	3163
2608	3163
2607	3163
292	3163
2919	3028
1997	3036
3036	3060
188	679
516	679
551	679
292	679
1111	3385
452	3385
444	3385
573	3385
153	1535
153	626
3944	3946
140	3946
3666	3946
3945	3946
140	3666
140	3945
140	3944
3944	3945
3666	3945
3666	3944
244	3005
136	1329
582	1329
681	1329
234	1329
2630	3551
2630	3554
1814	2775
140	3221
255	3221
241	3221
225	3221
804	1369
76	1369
146	1369
215	1369
308	2986
1252	2986
454	2986
2550	2986
1891	2006
56	125
78	125
125	287
125	172
416	3156
171	2979
2931	2979
195	2979
2920	2979
3266	3578
354	3578
140	3578
3577	3578
140	3577
354	3577
3266	3577
354	3266
2630	3390
94	109
54	94
56	94
94	102
82	94
2501	3508
2501	2630
525	2018
592	3229
3147	3229
353	3229
241	3229
155	806
215	806
188	806
76	806
1421	1670
423	1230
1031	1230
708	1230
1230	1231
724	3239
3238	3239
416	3239
241	3239
416	3238
724	3238
734	1569
644	4059
188	831
653	831
504	831
566	831
1997	2915
342	2790
147	2790
147	2787
528	1678
1381	1874
114	1874
326	1874
959	1874
1672	2949
78	329
1884	1929
2630	3489
175	3489
415	905
415	1960
415	2189
95	909
3368	3766
3289	3368
3367	3368
140	3368
1569	2956
808	1569
3092	3135
1320	3092
383	3092
1817	1839
487	1839
326	1839
1839	1840
1817	1840
487	1840
326	1840
441	1840
136	1840
481	1840
3350	3773
2718	2775
802	2775
378	2775
2747	2775
1588	2775
804	1769
76	1769
1769	1770
215	1769
1789	1795
301	1795
290	1795
1139	1795
1645	2782
242	1645
1645	2781
1645	2780
242	2781
2780	2781
2781	2782
242	2780
2780	2782
292	3168
213	3168
443	3168
241	3168
1051	1117
353	2064
353	2063
1547	2063
2063	2554
1547	2064
2064	2554
112	1259
1182	1478
1182	2144
620	1182
973	988
974	988
972	988
423	1225
1028	1225
639	1225
370	1225
519	1593
3692	3860
1470	2817
82	2817
82	2860
82	570
155	1982
951	1982
95	1982
169	1982
97	935
935	936
83	935
165	935
1367	2921
360	1299
887	1299
458	2932
593	3389
140	3389
3389	3523
3389	3963
3523	3963
140	3963
593	3963
2594	2922
1207	2922
1846	2742
1499	1500
339	960
3457	3458
3458	3459
3458	3460
140	3458
3457	3459
140	3457
3457	3460
893	1131
1515	2737
1834	1835
1834	1849
326	1834
813	1834
875	1834
90	1834
1477	3021
2328	2911
427	2753
427	3742
427	3743
427	3604
3581	4013
140	4013
2625	4013
593	4013
593	3581
2625	3581
237	4090
4087	4090
4088	4090
4089	4090
4088	4089
4087	4089
237	4089
4087	4088
237	4087
237	4088
2719	2725
286	2719
378	2719
2719	2724
286	2725
2724	2725
378	2725
136	2596
413	1355
90	413
413	1354
78	413
54	55
53	55
55	156
55	56
55	2047
55	1976
231	458
509	1567
146	1567
76	1567
772	1567
244	3024
659	3024
461	3024
3024	3025
386	3015
2667	3180
773	3630
2630	3630
438	3630
140	3630
2491	2501
828	2501
286	2501
949	2501
516	2040
531	1676
537	1676
76	1676
1429	1676
441	2519
3724	3825
140	3825
2638	3825
438	3825
140	2638
438	2638
2638	3724
4	50
4	878
4	74
4	49
4	910
820	1470
1738	2669
408	419
252	419
1381	1877
1130	3150
423	1220
1243	1756
1243	1914
1243	1899
1217	1768
1819	2654
241	3198
1198	3198
292	3198
3196	3198
473	1427
140	3668
3667	3668
3315	3668
3570	3668
3315	3667
3315	3570
2290	2305
2290	2291
2291	2292
2291	2305
114	2291
2292	2305
114	2305
497	757
545	757
543	757
188	757
140	3408
3258	3408
3260	3408
3259	3408
373	823
2679	4038
292	4038
314	4038
140	4038
524	1639
511	1639
1038	1385
458	3102
801	3100
1517	2136
2135	2136
200	2136
2134	2136
200	2134
200	2135
1517	2135
2134	2135
1517	2134
3267	3756
3295	3756
3251	3756
140	3756
91	2928
243	3094
243	3097
243	3095
243	3096
3094	3096
3094	3095
3094	3097
3095	3096
3095	3097
3096	3097
1884	2781
2781	2954
2750	2781
324	2781
1607	2582
233	2582
416	2582
292	2582
225	2582
85	3215
154	3215
900	1762
805	3513
1233	4060
1139	4060
273	4060
1118	4060
443	1118
108	286
108	1835
3226	3491
2628	3491
76	1755
1754	1755
537	1755
513	1755
76	1754
537	1754
513	1754
1158	2059
915	2059
122	2059
2059	2060
226	1059
226	2950
363	1024
363	1023
56	363
115	363
56	1023
1023	1024
115	1023
56	1024
115	1024
1078	2103
1207	1998
904	2816
1459	2144
1459	2142
1919	3311
1919	3026
647	1919
1919	3161
385	2054
342	2054
122	2054
874	2054
1082	4068
217	934
75	217
2141	2161
2158	2161
2157	2161
200	2161
2141	2157
200	2141
2141	2158
2157	2158
239	4094
4094	4095
939	4094
2052	4094
939	4095
2052	4095
239	4095
1078	2088
556	1983
2630	3860
3302	3860
140	3860
3765	3860
794	2605
1178	2524
837	2728
837	2010
544	2010
544	2728
244	3021
829	3107
228	1872
686	1872
230	1872
326	1872
13	128
505	3723
568	3723
335	3723
635	1101
635	4063
2288	2787
2288	2789
370	927
1129	2510
675	1129
265	1129
423	1129
155	1129
1129	1443
1443	1519
241	3156
383	3156
2652	3156
957	958
83	957
368	957
277	957
416	3224
2579	3224
241	3224
292	3224
960	1542
1477	1542
1246	1622
271	1622
833	1573
472	1585
3157	3778
2604	2605
1864	2517
1824	2517
2517	2971
195	2517
2612	2745
2568	2745
2648	2745
1320	2745
1917	2480
1917	2730
1388	1756
734	1584
1025	1146
2630	3434
2630	3996
127	3996
140	3996
140	3434
458	795
188	795
481	795
668	795
795	2056
2263	2662
2662	2663
233	2662
735	2662
653	3782
140	3782
652	3782
383	3782
1334	1585
75	1526
215	1149
345	1149
2630	3582
3582	3583
3582	3584
140	3582
3583	3584
140	3583
2630	3583
2630	3584
499	634
505	634
504	634
188	634
1691	2061
223	796
223	1162
223	666
223	3016
134	223
3581	3872
3548	3872
140	3872
3872	3942
3548	3942
140	3548
3548	3581
140	3581
3581	3942
321	1028
321	686
321	2564
321	1169
3309	3542
416	3206
1185	3206
292	3206
241	3206
56	288
241	3020
588	3020
292	3020
175	3020
2916	4002
1293	3174
735	3333
2569	3333
2632	3904
373	585
373	423
1304	1662
458	894
430	2712
2063	2064
939	2063
122	2063
2058	2063
2058	2064
122	2064
939	2064
859	2495
458	3924
958	3924
1443	3924
3705	3924
2854	2918
2194	2195
2194	2196
2193	2194
200	2194
2193	2196
200	2193
2193	2195
200	2196
2195	2196
200	2195
891	2946
891	1464
1197	1251
1453	1824
1453	2593
582	1149
1149	1325
1149	1236
423	1149
681	1149
574	3187
712	3187
290	1783
177	178
178	232
1606	2753
647	1606
707	1606
443	1606
277	3015
1094	1192
240	1192
443	2430
994	3356
994	3440
3157	3543
568	3543
2572	3543
140	3543
102	1812
147	1812
101	1812
362	1812
354	3223
127	1643
331	409
784	1330
2041	2773
562	1703
478	1703
136	1703
76	1703
1330	3321
140	3321
292	3321
575	3321
56	1259
81	1259
1139	1259
920	1259
90	1259
107	1259
910	1259
901	904
934	2961
2951	2961
1477	3046
3058	4062
3421	3424
3422	3424
3423	3424
140	3424
3421	3422
140	3422
3422	3423
501	551
458	501
501	588
801	2215
2260	3933
438	1231
140	3352
3352	3580
3258	3352
3352	3361
140	3361
3258	3361
3361	3580
3258	3580
140	3580
128	2041
3719	3722
3719	3721
140	3719
3719	3720
3720	3721
140	3720
3720	3722
3721	3722
140	3722
502	2088
516	1158
3465	3814
3244	3814
140	3814
3309	3814
574	1472
583	823
286	2490
168	2490
1168	2490
2490	2491
3290	3372
3372	3514
3372	3811
140	3372
76	1542
492	1542
716	1542
194	1542
720	3215
2630	3466
3302	3466
3261	3466
2718	3066
241	3149
2160	3149
225	3149
406	3149
373	2022
373	1300
1300	2022
504	2022
375	2022
375	1300
504	1300
373	504
375	504
1421	2915
887	2915
314	1599
255	3453
76	1646
680	1646
1646	1647
1645	1646
1645	1647
9	2630
9	1330
9	3334
188	841
841	842
564	841
171	841
1320	3882
3109	3882
140	3882
3767	3882
991	3996
3434	3996
985	3996
984	3996
991	3434
984	3434
985	3434
3349	3434
225	1670
1670	2655
53	1713
3070	3238
225	3238
241	3238
3071	3238
241	3071
391	2253
391	707
423	1039
1039	1196
155	1039
920	1039
89	1039
512	2011
1357	2011
76	1571
136	1571
492	1571
1571	1728
1129	1205
1129	1519
602	1129
572	1129
2860	3243
2308	2406
2322	2406
2401	2406
1205	1519
602	1519
572	1205
1523	1746
531	1746
537	1746
1527	1746
76	1746
364	4068
770	794
319	3386
1586	3386
279	1568
81	2024
56	2024
112	2024
165	2024
1146	1502
1655	2511
267	2082
449	1700
481	1700
780	1700
76	1700
362	1809
362	1808
362	1807
101	1807
1807	1808
101	1808
1808	1809
101	1809
1296	2977
533	1296
76	1677
513	1677
531	1677
820	1677
1233	1716
1026	1716
639	1716
416	2605
299	2605
406	2605
233	2605
1102	2328
503	4027
2576	2646
1931	2055
2573	3194
241	3194
315	3194
416	3194
74	371
3263	3323
560	2800
751	2800
742	2800
543	2800
3313	3877
3253	3877
2697	3058
815	2949
734	2949
370	3173
1991	3792
566	1991
551	1991
143	1243
93	1243
882	1243
240	1243
1484	2010
2010	2199
2010	2941
2010	2856
1484	2199
2199	2856
2199	2941
1484	2941
1484	2856
2856	2941
923	1484
755	1115
2570	3318
1603	2303
1138	1603
1316	2515
286	886
185	886
886	2457
288	886
185	2457
286	2457
288	2457
185	288
83	427
346	427
183	419
1443	1498
386	1498
1864	2971
133	3981
2773	3981
1073	1961
861	1294
241	3116
586	3116
2160	3116
225	3116
405	1213
813	875
286	2938
1307	1484
695	1470
968	971
968	970
968	969
967	968
3268	3773
1403	1404
186	1404
243	3099
3099	3100
477	3099
823	3099
656	4083
1054	1237
423	1237
1153	1237
1237	2529
893	1237
915	1237
2011	2430
2090	2430
114	2090
114	2011
1220	2741
915	1220
893	1220
1140	1220
140	3939
140	3940
140	3938
3938	3939
593	3939
3939	3940
593	3940
593	3938
3938	3940
1443	1655
76	1655
1297	1655
1442	1655
1302	2592
1111	3117
492	876
479	1203
823	1100
423	1100
603	1100
1100	1211
915	1100
1100	3187
82	1606
286	2754
299	3778
3777	3778
736	3778
140	3778
299	3777
876	928
306	2517
2516	2517
343	2517
458	2517
243	3085
3066	3085
724	3085
3065	3085
530	2213
79	3743
2651	3843
3237	3843
823	2083
560	2083
2601	3981
76	1670
3251	3875
140	3875
3875	3877
3875	3876
3876	3877
140	3877
3251	3877
3251	3876
140	3876
3440	3441
1824	3933
54	110
93	110
74	110
110	155
2436	2437
342	2437
2383	2437
114	2437
2667	3947
140	3947
2630	3947
2666	3947
1297	4007
84	2148
652	1783
1783	3994
2630	3887
3279	3887
140	3887
3259	3887
1546	2600
1150	1202
293	3223
1395	3438
3157	3491
1234	4065
140	3777
736	3777
2269	3777
364	3777
1	10
10	12
10	13
10	11
12	13
1	12
11	12
1	11
1	13
11	13
2817	2860
523	2860
146	2860
342	2860
128	2860
1117	2860
1202	2860
134	2860
380	2860
308	2860
195	2860
100	102
99	100
54	100
86	100
1054	2088
3934	3935
3934	3936
2691	3934
140	3934
3935	3936
2691	3935
140	3935
140	3936
2691	3936
443	2256
2405	2407
2405	2406
114	2405
2320	2405
2320	2406
2320	2407
2406	2407
114	2406
114	2407
567	851
232	567
522	958
3173	3342
2188	2210
200	2210
2176	2210
2125	2210
2125	2188
200	2188
2176	2188
2125	2176
196	2740
3170	3276
140	3276
652	3276
1308	3276
575	3276
1384	3035
1707	3151
1685	2093
1159	3676
3209	3676
140	3676
383	3676
526	1819
1819	4027
377	940
667	1409
137	429
3061	3143
892	3061
419	1050
146	1712
76	1712
215	1712
804	1712
78	422
943	3237
292	1409
2088	2103
1053	2103
402	2103
915	2103
140	3472
140	3471
140	3470
3470	3471
3323	3470
3470	3472
3323	3471
3471	3472
3323	3472
458	1498
2790	2975
1879	2790
241	3185
353	3185
140	3185
2572	3185
3473	3667
2630	3667
140	3667
3570	3667
1149	1301
1334	3981
501	1320
1102	3004
859	1102
496	873
1183	1372
1372	1373
215	1372
513	627
695	1401
586	3199
140	3199
241	3199
1018	3199
225	3199
900	937
1865	2563
56	1966
465	1222
567	606
188	567
564	567
550	567
242	289
82	242
114	242
78	242
78	196
486	863
2566	2793
151	3688
151	2615
151	2630
127	699
704	1178
292	4068
526	4068
195	4068
235	4068
430	4068
1028	4068
454	4068
780	1547
54	126
2041	2763
1552	2763
383	3345
576	1167
624	1167
343	3705
1307	3173
206	1544
307	1544
1409	3776
136	1409
456	1409
1409	1419
76	1409
694	2093
2015	2350
7	851
893	2915
578	1670
578	659
578	677
578	633
945	3028
1472	4027
1472	2510
343	1472
1443	1472
820	1613
1429	1613
531	1613
76	1613
416	1613
1716	2781
937	1716
3290	3868
140	3868
3525	3868
3258	3868
1151	1565
531	1523
78	419
235	419
419	734
600	1090
804	2524
734	2524
114	367
1966	2753
1935	3995
1252	2263
2263	2550
235	1347
1346	1347
1345	1347
413	1347
1345	1346
413	1345
235	1345
413	1346
235	1346
1893	2088
2596	3844
1164	2596
560	2596
596	2596
493	3166
379	3166
455	3166
46	1759
89	1759
114	2263
1443	3188
682	1316
3258	3432
3431	3432
3430	3432
140	3432
93	3669
286	3669
180	3646
592	3646
593	3646
140	3646
487	1975
195	1975
174	1975
490	1975
56	1975
1588	4067
13	74
391	2776
3369	3969
340	3491
3501	3502
3500	3501
3501	3503
140	3501
3500	3503
3502	3503
140	3503
3500	3502
140	3502
140	3500
348	798
348	530
574	603
402	1893
1078	2564
705	3776
705	2655
772	3483
383	3483
140	3483
593	3483
215	1500
76	1500
370	1500
1028	1500
228	1500
347	776
2111	3981
2718	3981
318	1858
318	1860
318	1429
318	1428
801	3215
1161	3843
3465	3773
3309	3773
3461	3773
3296	3773
3183	3381
6	50
1472	1697
79	2419
114	2419
2323	2419
2328	2419
3245	3523
140	3523
335	3523
593	3523
136	1718
473	1718
539	1718
76	1718
76	1502
815	1502
734	1502
136	1502
1502	3237
1663	2701
1663	2664
2323	3848
654	3375
383	3375
3109	3375
140	3375
2149	2167
2157	2167
2167	2200
200	2167
200	2157
200	2149
200	2200
2157	2200
2149	2157
2149	2200
575	3699
3209	3699
1026	1515
669	2793
669	1115
140	3546
383	3546
3546	3952
3453	3546
3453	3952
140	3453
383	3453
3323	3453
542	3100
511	3100
511	823
511	542
511	1426
3148	4025
2215	3148
836	3148
3148	3215
2936	3162
2593	3162
793	2550
83	932
1966	3599
149	422
156	422
402	422
75	422
187	2856
187	758
2594	2983
1637	2983
745	2983
893	1789
301	1789
290	1789
1139	1789
2615	3572
140	3572
3572	3966
2588	3572
2588	3966
80	663
1326	1759
528	1759
273	3926
444	3926
1028	3926
734	3926
2717	3004
859	2717
149	169
82	169
1504	2419
960	2419
1389	2419
929	2419
691	861
537	1625
513	1625
531	1625
76	1625
618	1817
618	1139
618	780
441	618
481	618
188	618
516	618
418	3914
93	1764
75	2542
1552	2542
3563	3596
140	3563
3253	3563
3563	3982
2630	3789
140	3789
438	3789
383	3789
758	2856
1856	1878
457	1878
343	1878
95	1878
326	1878
340	2367
499	2367
582	2367
1586	2367
543	2367
1947	2898
118	2898
109	2898
959	2898
1953	2898
1092	3065
314	4059
175	2633
233	2633
2630	2633
3245	3532
3246	3532
140	3532
383	3532
730	1442
988	3349
991	3349
985	3349
988	991
985	988
984	988
967	988
225	2674
225	2673
1337	2790
525	2790
1236	1325
678	1593
76	1593
1042	1593
444	1593
89	2542
155	2542
172	2542
244	2542
1153	2542
391	2088
513	1587
1523	1587
1482	1587
76	1587
1482	1523
76	1523
513	1523
537	1523
76	1482
537	1482
513	1482
378	2530
172	2530
1202	2530
872	2530
646	1084
286	419
419	823
419	1139
419	533
273	419
1865	2487
873	2058
3609	3901
3223	3609
140	3901
314	3901
3608	3901
3223	3901
3223	3608
314	3223
140	3223
241	3223
1330	3223
2079	2515
2058	2515
1459	2079
539	2079
155	2079
1161	1221
876	1171
1743	1777
114	2315
2298	2315
2308	2315
2315	2316
1175	1966
492	2745
720	1044
2468	2756
673	1650
93	2744
884	2744
562	2744
1051	2744
96	150
326	1819
1819	1847
1320	2620
659	4007
56	2040
192	2040
910	1060
910	1086
297	2470
297	1909
297	1094
297	939
240	297
297	2468
297	1145
1094	2470
1909	2470
240	2470
1927	2470
2084	2470
913	2470
596	2470
1817	2470
217	1478
1152	3959
1026	3959
1163	3959
313	3959
2269	3959
1134	2992
1118	1898
520	1537
802	1537
1042	2190
937	1876
2519	2564
973	1002
967	1002
972	1002
974	1002
1202	3848
90	3848
1041	3848
715	2731
547	2731
860	2731
744	3065
2941	2965
1565	3151
296	2373
114	2373
2303	2373
342	2373
2729	4007
200	2125
107	2125
2125	2190
662	2125
929	2997
155	2997
878	2997
90	2997
586	3058
243	3058
243	3057
542	1426
1202	1352
1202	2350
226	2046
226	2763
226	1028
156	876
3609	3713
3609	3610
3608	3609
140	3609
1330	3609
3367	3514
3367	3766
140	3367
3289	3367
3258	3367
1340	1759
93	1759
497	609
498	609
188	609
543	609
823	1624
1538	3705
958	1538
441	3705
1443	3705
958	3705
458	3705
1443	1538
2420	3081
878	958
1484	3133
1484	3174
1484	2650
1484	2669
1422	1484
443	1484
1830	1881
2919	2955
215	2919
588	1531
504	1531
165	1707
1843	2142
1089	2277
1089	2278
548	2613
548	3197
548	2577
2568	4084
3598	4084
3318	4084
3748	4084
631	747
2088	2559
2058	2088
539	2088
3514	3811
3289	3514
3514	3766
140	3514
3514	3671
3290	3514
3290	3811
3692	3811
3289	3811
140	3811
3289	3692
1911	2951
1334	1966
93	2950
227	2950
239	1791
239	1792
121	1792
121	1171
657	1376
3267	3733
3251	3733
140	3733
3344	3733
3733	3774
550	2267
550	1864
1436	4025
543	1394
1927	3981
3441	3487
454	845
454	3100
1395	3100
3118	3560
446	3560
3560	3561
140	3560
1695	2656
557	1695
2263	3645
255	3645
140	3645
416	3645
686	1687
136	1687
802	1687
76	1687
506	2091
939	1852
933	1852
1852	2398
2630	3508
78	324
114	1535
102	1535
286	1917
1202	1917
1917	1946
1916	1917
360	1917
102	1917
425	1917
138	1917
3431	3766