140	3347
140	3764
140	3558
140	3979
140	3751
140	3397
140	3937
140	3420
78	334
140	4029
56	2016
56	1968
74	282
140	3403
76	1378
78	369
25	74
78	412
140	3991
78	411
78	248
76	1386
76	1750
76	1724
78	395
78	303
56	1949
101	2679
76	1417
195	3871
140	3708
1768	3872
56	1967
140	3633
56	2044
51	109
127	574
56	1948
3208	3325
140	4040
56	1965
90	2837
46	1723
200	2245
188	637
78	460
140	3961
203	893
76	1610
200	2233
172	2557
56	1957
915	2970
172	2537
342	2531
200	2171
244	2995
82	2884
114	2456
82	2806
114	2293
78	396
82	755
114	2395
543	3752
1013	2621
76	1636
78	361
82	2890
929	2375
140	3772
244	3003
76	1480
140	3953
123	707
3027	3497
27	1819
82	2823
114	2404
200	2146
114	2463
151	2332
2400	2718
114	2346
1615	2947
76	1440
140	3847
2392	2718
1819	1995
82	2869
76	1489
82	2852
140	3282
76	1582
76	1609
76	1715
1	30
82	2859
2394	2666
1	2
76	1536
82	2855
140	3509
140	3401
1	33
114	2428
885	960
200	2220
390	1274
82	2872
114	2467
54	130
1605	3311
390	1275
1725	3649
1028	1617
140	3660
113	1546
114	2426
200	2236
292	1971
78	268
878	2000
82	2848
200	2205
82	2846
78	410
56	1995
200	2202
375	2271
114	2311
200	2242
1588	4042
82	2873
200	2150
140	3694
140	4005
9	390
82	2844
200	2199
60	273
39	2737
200	2231
78	387
140	3805
140	3257
140	3612
76	1671
62	3844
27	1287
78	328
1	63
200	2162
1139	3960
114	2280
200	2239
929	3785
140	3761
78	337
1560	3743
195	3617
140	3656
56	1956
140	3784
140	4045
140	3343
880	1943
140	3557
929	2392
1053	2009
1	65
140	3962
114	2416
140	3989
385	1792
200	2120
76	1576
1768	2831
114	2289
390	1273
200	2222
140	3675
76	1418
140	3589
1806	2837
140	3822
389	3027
56	2005
387	478
140	3592
992	2753
1308	1370
402	679
200	2130
78	201
200	2170
390	1263
458	1194
288	2088
1	60
140	3469
140	3856
76	1530
876	1259
140	3614
1	68
1899	2941
82	2804
2868	3924
2057	2947
82	2895
200	2198
1139	1273
56	1955
140	3820
1270	1806
390	1270
56	1994
200	2139
114	2319
366	2119
78	216
78	294
114	2400
114	2353
114	2393
140	3883
200	2133
390	1266
76	1751
54	157
82	1747
1	57
2253	2837
60	1725
56	2023
117	390
140	3960
56	1984
823	2274
1	14
391	3234
45	2737
200	2132
188	725
1768	2009
200	2137
244	2999
590	2868
172	2525
76	1556
140	3637
1747	1817
82	2805
82	2879
114	2389
54	104
2086	2087
82	2901
395	1202
114	2399
391	3169
2036	2720
1691	2533
1257	1806
188	683
56	1972
76	1766
2939	3368
380	2718
82	2888
82	2863
950	3082
244	3011
78	366
82	2877
53	2104
78	209
114	2391
893	2785
76	1518
53	2094
78	259
140	3855
737	2158
114	2334
200	2240
82	2836
140	3917
140	3328
1809	3732
200	2232
65	2718
200	2155
1286	1471
140	3545
887	2771
140	3416
875	3785
200	2129
82	2876
1	64
1833	2014
94	1725
239	4093
78	321
140	3923
82	2825
1330	1943
76	1400
82	2835
286	2639
2379	2737
188	605
2253	3463
76	1557
140	3405
82	1273
1168	2753
333	516
56	1973
140	4044
114	2325
244	3009
62	2348
114	2366
140	3648
78	433
76	1450
82	2834
1927	1979
390	1261
78	376
387	851
200	2219
140	3787
188	849
62	3334
530	4008
1768	2254
78	414
1	70
59	878
76	1719
78	210
59	81
200	2163
279	3960
140	3615
82	2830
76	1641
2348	2867
140	3819
140	3931
114	2343
734	1923
1	34
128	3669
449	2069
82	2831
60	2348
140	3972
140	3456
200	2156
1	38
140	3576
140	3575
140	3910
76	1732
200	2221
390	1258
76	1701
82	2857
200	2212
140	3879
114	2358
1053	1347
140	3433
1	25
1053	2839
1139	3820
880	1957
200	2172
82	2222
140	3301
56	2030
140	4009
140	3783
140	3854
140	3993
200	2201
1330	3510
51	3844
1800	2753
1047	3949
876	2516
82	2896
140	3891
76	1540
1	62
1	58
1118	1987
114	2394
390	1285
184	3870
140	4058
2013	2271
2429	2737
1731	1732
566	1964
82	2868
78	421
78	352
76	1627
76	1644
81	2564
76	1658
80	3762
114	2421
140	3834
140	3905
78	247
725	3174
140	3919
1806	2730
1	32
1817	3030
44	1588
140	4037
76	1638
82	2797
140	3519
9	1725
390	1265
140	3762
788	1416
2630	3341
1265	1970
200	2235
133	1259
56	2021
107	3726
140	3930
51	316
2449	3968
1	35
200	2203
1914	3245
140	3654
140	4024
200	2249
140	3932
3108	3932
76	1446
114	2409
1552	2864
316	1591
54	152
114	2374
2608	4026
647	2677
875	2900
2662	3956
140	3449
3449	3476
114	2301
35	1768
316	1506
52	1768
140	4004
2630	3591
78	298
3823	4016
411	851
140	4033
1817	3015
531	3273
1273	1806
140	3925
76	1522
188	846
3258	3450
3530	3531
140	3531
316	1411
114	2318
54	98
114	2317
76	1758
2433	3311
200	2164
3217	4011
56	1963
140	3504
734	2839
762	1833
79	3669
1	41
1483	3311
140	3538
2748	3141
3276	3985
140	3985
78	266
82	2880
42	316
83	903
2666	2837
3258	3553
114	2379
390	1268
1822	2736
76	1580
791	2922
140	3980
140	4035
172	2539
76	1642
1	37
390	1260
1783	2349
438	3867
140	3867
136	2433
221	647
56	1942
82	2874
2348	3785
140	3929
140	3928
3928	3929
140	3638
3258	4019
2111	2855
1802	2088
140	4011
56	1992
200	2147
1007	3655
56	1943
140	3853
140	3655
188	697
581	1870
1139	1870
76	1444
686	2177
114	2351
1806	2798
3841	3992
56	1958
423	1201
151	287
140	3613
3285	3613
133	2867
1	61
60	1330
140	3974
78	332
56	2034
114	2356
1666	3351
2868	2966
82	2897
1821	2103
914	2637
3255	4006
172	2555
82	2899
82	2820
613	1749
1	67
78	397
691	832
188	832
76	1581
140	3450
241	3204
1372	2516
554	3975
140	4016
1105	3027
54	105
105	167
1656	1927
140	3661
2630	3661
629	2963
271	2256
380	876
932	2323
3519	3549
74	311
76	1577
114	2455
1	59
27	2737
76	1501
233	2649
593	2649
3292	3559
140	3559
2385	2753
82	2867
1000	3785
140	3837
140	3204
390	1279
1269	1279
140	3902
200	2238
140	3852
316	1402
82	2887
101	1437
140	3874
316	1723
78	256
200	2153
78	214
2088	2799
82	1705
932	1824
880	1973
1108	1308
76	1374
875	2254
873	2931
79	2004
1083	3634
652	3527
2817	3677
570	3677
102	1974
56	1974
1672	3896
1310	1744
79	317
815	1356
114	2387
2667	3610
845	2526
1988	2737
423	1067
76	1561
789	1987
140	3291
3291	3295
2630	4054
140	4054
76	1694
342	2499
59	1588
2082	2482
186	1575
76	1575
140	3986
78	394
56	1980
107	1980
114	2423
1	48
291	1970
2913	3061
1028	1265
140	3537
416	3537
543	2860
4014	4015
95	3185
868	1027
56	2032
82	2335
1944	2084
56	2017
56	2033
2017	2033
390	1276
1448	1806
172	2522
114	2287
277	2036
56	2036
286	2799
543	2905
520	1605
172	2527
451	3007
56	1983
15	1806
39	878
95	1474
140	3681
149	2253
127	1705
82	2878
82	2875
82	2864
39	1970
56	1950
76	1745
46	1700
419	3767
0	1
1346	3115
114	833
2215	3909
140	3909
172	2540
2142	2783
2111	2857
1	8
1987	2832
1824	1884
316	1398
342	1581
83	902
79	902
122	2077
82	2870
918	1945
95	3061
200	2151
200	2174
200	2183
876	1371
142	390
53	2113
82	2871
114	2329
1	40
82	2881
566	2850
2548	4063
114	2307
2015	2189
515	2996
46	2773
606	607
2737	3960
1852	2253
816	2117
543	1276
374	1032
863	1768
188	843
39	1588
54	142
54	163
93	2454
1629	3293
585	3821
1768	3960
1833	1839
78	310
3364	3365
3296	4055
140	4055
128	3330
416	2867
1028	2959
2829	2851
82	2851
82	2829
1138	1366
1366	2085
114	2286
342	2286
175	1673
2168	2186
76	1512
606	3205
3333	3411
140	3411
82	2821
286	1958
239	3581
3710	3908
140	3908
1	20
647	4049
585	3541
1711	2593
13	961
74	961
390	1284
82	2824
91	3336
647	930
2625	4007
950	3981
62	109
62	1053
803	2783
466	699
140	3927
2699	3927
593	4003
140	4003
949	2062
805	2062
56	1959
893	3683
71	72
114	2432
200	2241
188	619
588	619
140	4006
1768	3368
200	2124
1036	1493
225	1265
76	1733
74	253
360	2391
498	846
16	82
2010	2271
140	3955
390	1280
140	3663
1806	2288
1373	1745
3733	3735
140	3735
140	3829
383	3829
75	1271
140	3351
9	1768
3388	3492
83	947
147	947
1218	2040
385	1398
76	1398
407	512
56	2035
880	2587
76	1673
376	887
200	2182
1588	2454
114	2457
140	4000
225	3683
140	3683
182	1287
290	1794
114	2441
172	2543
172	2531
281	3641
140	3641
82	2798
114	2370
1401	3173
56	2025
156	1776
75	1776
81	2000
56	2000
155	4073
593	3284
140	3284
101	2109
53	2109
566	1600
2737	2837
82	2814
140	3871
2630	3871
140	3781
354	3781
200	2143
60	109
114	2443
342	2443
950	1238
770	2268
76	1456
416	3617
1	15
56	1990
244	3000
200	2178
200	2237
470	3007
54	77
1809	2022
566	1448
875	2256
1824	2449
588	3619
78	390
3251	3649
75	1415
958	2915
2915	3924
245	2100
1	52
458	1347
791	2303
82	2813
140	3556
593	3556
1	29
974	1021
140	3730
822	931
176	1287
140	3590
140	3497
444	1349
82	2891
1819	3117
443	1259
1	47
342	2525
1609	2011
1609	1871
140	3851
3379	3851
114	2365
2305	2365
244	3002
1769	3386
3292	4058
59	2737
3317	3674
140	3674
273	1618
76	1618
95	1618
1308	3093
140	3957
3273	3957
140	3273
87	1902
593	3762
53	2095
140	4008
2013	3401
78	282
360	3649
140	3649
899	1909
274	1531
78	435
140	3718
140	3858
446	3858
480	728
188	728
114	2339
2178	2237
1046	2959
140	3250
1053	4023
677	4023
188	717
76	1589
2741	4087
53	2100
2595	2878
875	1775
51	823
232	407
78	407
200	2168
172	2551
172	2547
2547	2551
1028	2254
885	3971
76	1779
1528	1838
730	2323
1202	1932
543	1705
3678	3679
140	3678
82	2904
1611	2603
56	2037
893	1794
82	2801
1028	2778
378	2778
707	3546
56	2004
140	3973
3733	3973
390	1272
1806	2875
16	1365
1030	1934
252	2995
2010	3050
82	2003
56	2003
1312	1819
1208	1312
543	3700
1	43
370	2548
875	2543
200	2197
195	1405
76	1405
764	1405
3536	3835
140	3835
140	3536
3333	3536
41	1768
18	316
18	416
200	2127
1161	1660
608	1185
608	2577
530	3122
3924	3925
1053	4060
114	2361
2855	3699
380	3699
2117	3699
3624	3653
53	2102
385	3969
114	2372
140	3262
114	2446
127	3926
140	3790
2630	3790
244	3026
140	3889
3888	3889
140	3888
127	2788
339	2788
1139	2875
390	1271
244	3007
172	2523
114	2342
390	1277
140	3553
2099	3460
195	1896
1802	1817
1819	3477
82	2822
742	2040
82	2865
156	2865
200	2154
512	2771
543	2771
114	2302
82	2854
140	4015
56	1999
1345	1914
419	1345
200	2180
2413	2666
584	3700
140	3700
140	4032
3259	3306
76	1509
186	1509
390	1262
5	212
1483	3743
82	2802
1470	2385
140	3998
3795	4014
140	4014
904	3246
140	3880
286	1432
82	2842
178	960
223	851
69	2630
82	2837
811	948
929	2367
959	2350
76	1605
107	1605
82	2882
80	1554
82	2902
76	1506
188	514
172	2556
54	167
114	2444
140	3388
3387	3388
140	3499
140	3476
140	3992
140	3780
2430	2510
95	2430
200	2186
1	5
140	3677
175	2131
200	2131
114	2352
82	2009
142	163
458	2013
343	2013
1001	2753
932	1485
54	139
1	44
44	56
2715	2716
378	2716
419	1914
54	148
440	1725
140	3579
1833	2856
172	2544
78	199
78	208
3729	4035
172	2548
919	3028
113	551
113	441
200	2207
166	2207
140	3387
140	3629
140	3628
876	3497
140	3801
960	1595
309	3401
1182	3401
309	1182
112	2103
53	2103
2818	2850
82	2818
140	3664
200	2187
244	2998
82	2866
516	2106
2288	3139
1	26
1028	4090
893	4090
1304	2482
659	1969
82	2796
74	421
929	932
974	1012
967	1012
1370	2690
1370	3354
3607	3823
147	3649
114	2392
133	2392
1139	1271
200	2191
200	2206
76	1684
316	1684
3849	3850
140	3850
686	2195
342	2457
1927	2457
244	3018
281	3955
213	710
566	1936
56	1986
1171	3050
56	2043
42	93
922	1747
284	1182
200	2166
2793	4060
178	499
939	3959
46	1000
1080	3849
140	3620
1528	2837
3476	3499
2878	3173
76	1726
617	707
775	1943
79	1802
1319	1392
82	2849
200	2209
390	1264
244	3022
1613	1642
560	1431
76	1431
79	2070
82	2827
140	3752
74	182
279	2549
1116	2561
391	2561
53	2099
286	3014
82	2898
742	1394
316	1501
78	278
82	2839
202	4059
202	4060
458	938
1	24
53	2108
82	2808
82	2807
2022	2807
200	2173
1793	2433
122	2069
114	2327
1970	2348
45	2348
1927	2103
76	1402
1053	2837
140	3878
195	1995
458	1995
2125	2141
138	1802
81	2892
82	2892
78	434
326	434
78	311
2215	4010
140	4010
140	3409
140	3454
3295	3454
1	22
78	453
74	259
200	2244
423	1062
443	721
213	3413
140	3413
438	3452
140	3452
519	2476
140	3591
554	2525
1355	2254
125	966
140	3642
1	23
1369	2746
78	182
182	204
939	2385
76	1415
114	2304
94	1507
140	3493
56	2038
78	275
239	275
78	181
140	3706
618	2784
1817	2784
242	2784
78	302
1401	2499
928	1792
2253	3497
3352	3802
140	3527
1927	2118
286	2118
1894	3311
1888	3311
114	2384
114	2434
78	359
1927	3404
2081	3404
3626	3681
140	3300
1484	2996
140	3886
78	325
82	2838
370	2831
16	887
114	2420
815	3541
1821	2732
273	4008
716	4008
151	2295
1304	3669
675	1519
2692	3571
140	3490
101	1806
1783	3245
140	3353
887	2392
391	2728
2111	3136
1084	3809
1127	3809
188	855
140	3602
1547	2925
473	2925
140	3254
919	1972
82	2819
114	2345
588	1259
1355	1806
140	3866
553	1365
3309	3508
56	2012
960	1500
3258	3662
3628	3629
543	1435
172	2554
186	1658
133	1943
1416	3655
76	1463
316	1463
78	262
1	27
140	3658
2630	3658
3658	3758
140	3758
327	585
78	222
140	3555
78	351
217	594
299	3249
3208	4093
78	445
390	1257
76	1681
78	190
385	3168
657	2594
2287	2388
647	2394
772	3930
312	1254
1831	1832
3185	3311
82	2800
343	894
1975	2085
140	3775
78	211
927	1552
2140	2182
147	1436
82	2845
288	960
740	4027
551	740
1819	2118
82	1265
81	1265
887	1265
2773	3669
76	1525
316	1525
82	2815
114	2312
2099	3601
9	2348
82	2885
140	3686
3575	3576
2630	3808
140	3808
56	1952
1139	1952
2815	2833
1371	2222
114	2388
1223	3230
1223	2599
1118	1433
1433	2856
758	1433
225	2882
383	3971
140	3881
520	3881
1641	2522
950	3926
652	3954
140	3954
1414	4063
587	1720
520	1720
9	1053
76	1497
3405	3514
172	2532
402	2532
2063	2111
82	2862
2470	2886
140	3364
140	3365
1182	2013
3220	3793
267	657
919	4060
114	2377
91	2377
292	3159
481	3632
140	3429
3332	3333
140	3332
82	2843
308	3780
1478	3710
140	3710
458	1818
140	3526
2281	2380
114	2380
114	2281
566	3451
140	3451
613	3451
56	1969
887	1969
223	1203
76	1437
151	2858
82	2858
140	3283
3251	3283
198	407
82	2850
56	1985
188	698
452	698
515	698
1586	2973
188	729
1	18
3434	3943
2776	2996
3275	3276
3274	3276
123	2773
1824	2994
396	3174
527	3949
1711	2641
172	2549
652	3830
140	3830
292	3293
140	3293
416	3293
2630	3256
140	3256
910	2522
75	2522
2323	2522
3126	3490
416	3490
1977	1986
140	3467
2630	3467
196	197
200	2123
78	285
2271	2555
3480	3969
3226	3383
140	3383
2272	3383
518	3058
1222	1944
391	2509
2253	3635
566	1833
3057	3913
78	431
140	3341
316	1698
76	1698
140	4043
114	2347
114	2385
127	2385
140	3890
3626	3890
74	214
342	2417
114	2422
593	2681
233	2681
140	4036
140	3277
101	786
2941	3477
2088	2278
221	2832
114	2445
2892	3311
647	2892
1030	1467
878	3699
172	2546
763	2546
763	2545
172	2545
225	3069
243	3069
3029	3069
1818	1819
140	4019
2199	3027
140	3662
76	1709
243	3090
200	2152
2121	2152
851	2965
918	3174
600	3237
3505	3638
398	3189
241	3189
3062	3189
1287	1887
1824	2512
1	21
140	3392
3802	3803
54	103
140	3779
504	790
383	3579
140	3505
140	3971
192	3971
800	801
74	176
86	2112
53	2112
54	170
140	3540
593	3540
3733	3878
486	553
736	3266
140	3725
1016	3725
3724	3725
122	2078
78	212
212	213
884	1346
1532	3093
76	1411
3242	3966
255	3262
1828	1951
54	117
438	3976
140	3976
884	2457
155	2457
140	3921
44	878
114	2440
82	2809
2812	2821
82	2828
140	3534
199	208
140	3331
3331	3361
82	2840
226	2753
226	3742
939	1802
89	159
54	159
158	159
236	457
140	3562
140	3287
2630	3287
566	941
588	941
1048	3632
140	3627
200	2204
1276	2773
1276	2939
1276	2601
2121	2223
1	46
271	3100
876	885
140	3603
79	2799
3361	3795
140	3795
3766	3795
200	2208
242	428
78	428
1023	2088
2630	3330
3329	3330
390	1256
359	370
286	1414
2234	2480
74	432
273	3497
918	3354
1601	2891
1772	2468
520	1702
76	1702
2294	2711
1970	2109
1691	2575
232	718
915	3007
370	3007
781	1129
687	781
340	3581
56	2026
721	2948
140	3884
3345	3884
3650	3884
2027	2028
140	3926
98	390
2682	3051
78	356
140	3987
326	1867
192	903
56	2028
342	2028
449	2028
1139	3497
439	1116
588	2540
478	2540
155	2540
140	3306
878	2063
1	66
267	2372
1074	2799
1182	2856
78	304
467	4039
140	4039
3145	4039
1747	2737
316	2122
80	2122
140	3510
78	258
596	1034
577	1034
78	432
1341	3849
2599	2647
647	1001
470	1983
140	4052
1384	2854
2773	3497
1334	3497
3523	3791
1817	2785
242	2785
78	189
189	204
21	189
78	204
21	78
21	204
3258	3364
1358	1359
308	1358
76	1358
140	3330
2601	3330
59	1970
1053	2389
140	3898
140	3983
449	2747
114	2344
2630	3329
140	3393
155	3913
140	2491
1550	2076
2753	3906
458	2554
54	158
3251	3415
140	3415
2630	3415
775	3452
114	2466
2121	2126
200	2126
295	656
301	3870
1793	3870
73	2917
543	2917
2912	2917
1320	3447
1666	3219
114	2390
82	2812
1365	1893
1801	2098
114	2453
1	17
1890	2103
200	2138
2814	3143
273	2814
1028	2814
82	2811
930	2509
2575	3776
1161	1356
140	3734
140	3697
3697	3733
3733	3734
3697	3734
296	1725
1460	1461
76	1460
684	1460
974	980
967	980
235	4064
1031	4064
269	1593
56	333
78	333
1028	4081
1924	2253
2294	3050
425	3581
200	2159
2832	2994
577	2055
283	284
78	283
3313	3824
140	3824
1	28
734	1981
1076	1981
140	3329
3329	3434
140	3653
2742	4086
1244	4086
730	1154
512	1154
3264	3265
140	3265
3265	3266
426	2185
1950	2720
1950	2039
1122	1782
76	1462
588	2335
1764	2509
78	323
322	323
225	323
151	1783
200	2177
80	2856
200	2140
76	1469
441	1469
698	1166
499	748
582	748
188	748
255	1254
423	1254
188	809
74	204
76	1699
444	1699
140	3539
2630	3539
82	2799
564	2982
516	2982
171	2982
82	2803
56	1940
1574	2105
918	2105
1345	2746
188	790
326	1818
108	2444
391	3426
458	2499
114	2349
45	1588
56	2048
91	2048
1053	2048
1817	2048
144	2900
390	1259
114	2338
3715	3716
102	148
360	2918
56	1977
1792	1993
1030	1623
694	791
56	2027
140	4042
383	4042
136	4042
3223	3943
1076	2115
563	2115
2720	2864
241	3190
140	3190
1316	3190
82	1962
267	2376
114	2376
678	1631
1171	2111
1280	1806
593	4004
221	876
929	1979
76	1631
604	1631
93	2882
922	2882
244	3017
809	810
566	810
188	810
566	809
2692	4026
140	4026
3174	4026
114	2415
102	2415
407	960
82	2795
46	966
1259	3334
82	2833
1430	2257
686	2214
140	3746
3746	3747
2630	3747
140	3747
2630	3746
290	1802
1713	2105
53	2105
55	904
3406	3912
575	3912
140	3912
127	2810
563	3911
140	3911
3114	3911
878	1988
95	3477
458	3477
3616	3617
140	3617
46	2348
233	2678
140	2678
438	2678
233	2647
652	2647
3514	3802
3285	3802
393	3996
128	1432
2630	3663
3251	3857
3313	3857
140	3857
140	3807
3266	3807
200	2227
200	2226
2225	2226
2226	2227
2225	2227
3364	3662
732	893
39	81
2570	2597
233	2597
2596	2597
140	3564
2696	3564
416	3564
140	3978
3840	3978
3977	3978
2545	2546
279	2105
326	1868
1868	1869
1867	1868
326	1869
140	3712
3541	3712
724	3793
82	2894
554	1171
342	811
188	713
734	1850
1927	2931
513	1898
1	39
1867	1869
72	77
77	1528
77	95
200	2230
950	1237
1470	3669
1265	1768
5	1365
62	1725
305	647
647	3231
219	591
1813	2263
62	316
2659	3073
1470	2995
95	1329
114	2413
1316	3753
140	3753
454	950
200	2225
1793	2900
569	4060
734	3849
3333	3642
362	1806
1806	1810
362	1810
147	1810
1357	3971
644	3971
232	3971
794	3600
140	3600
593	3600
3707	3880
56	1982
3251	3824
133	2375
114	2375
82	2903
1	31
1943	2718
3526	3527
1526	3174
1164	1981
1527	2178
3027	3820
1028	1569
627	1115
623	731
155	965
2288	2498
452	918
1736	3038
613	1129
698	1044
698	1233
114	2464
655	1725
140	3907
383	3907
652	3907
91	2792
415	2792
927	2792
140	3425
354	3425
3266	3425
958	1611
652	3964
140	3964
2630	3964
530	1112
1601	4049
90	2864
1046	2429
380	2855
1182	2953
502	2078
2061	2078
91	2527
78	202
172	202
1	19
82	2523
82	2905
223	2523
223	2905
2523	2905
369	2260
369	2254
369	2256
1432	1958
82	2826
483	3117
483	1198
1	69
78	257
257	458
132	257
257	851
257	548
200	2185
686	2185
1783	2414
267	2414
114	2414
171	2978
566	2978
688	2978
1330	3496
140	3496
89	1709
549	3094
1768	1943
82	2526
82	1051
3361	3373
413	1352
875	2977
255	3355
1118	2111
220	1036
220	370
114	2431
267	2431
2316	2431
1552	3003
92	3669
1892	1905
138	1905
887	1905
739	1129
653	1129
1129	2946
739	2946
140	3515
3258	3515
823	2892
273	2892
273	1467
76	1467
591	1467
2019	2020
56	2020
2018	2020
45	878
2630	3619
140	3619
73	2913
3269	3644
3269	3823
140	3269
943	1979
89	1979
56	1979
2475	2553
235	2764
378	2764
1028	2764
114	2341
2015	2341
3274	3275
140	3274
76	1735
436	1735
1734	1735
244	288
1108	2106
93	1705
781	3308
78	363
449	2077
136	2077
82	2889
2629	3470
604	2123
727	2123
1159	2123
297	2469
430	3386
86	2381
114	2381
2300	2381
126	2721
3280	3998
2296	3870
342	3870
1817	3870
823	3870
1334	3870
930	2753
3	4
3	878
2222	2601
1334	2222
939	943
2567	3632
1016	3724
1821	3603
1	51
127	3657
393	3657
140	3657
2351	2352
140	3916
3109	3916
1411	2297
114	1411
1122	1547
390	1278
244	2997
1819	2878
699	2488
287	3743
1139	2798
81	2798
971	1009
969	1009
824	1553
16	56
1	16
1773	1774
76	1773
1731	1773
279	3669
516	1107
788	3215
788	2215
140	3355
2602	3355
78	253
176	253
78	176
903	1076
3715	3717
140	3715
458	3715
296	2435
114	2435
89	2995
929	2995
1371	2995
566	3573
3108	3573
140	3573
319	2748
2666	2694
286	1695
1150	3021
1	42
875	3669
76	1664
462	1664
984	2828
136	1722
546	3482
140	3203
416	3203
241	3203
3434	3544
140	3544
3349	3544
915	1219
423	1219
796	1219
593	3665
1330	3665
140	3665
2561	3200
885	2561
140	3705
380	2526
2856	2996
273	3828
1030	3828
145	2106
1817	2754
140	3474
3295	3474
390	1269
343	2485
168	2485
458	2485
114	2371
267	2371
2320	2371
449	1820
501	1696
2368	2369
39	56
76	1774
76	1731
1731	1774
316	1259
364	365
78	365
177	365
1633	1935
297	2323
140	3659
3313	3659
3253	3659
707	1030
140	4051
2633	4051
301	1517
932	1847
781	3245
1	36
1	45
390	1267
3295	3511
140	3511
1357	2022
951	1981
56	1981
155	1981
985	3340
991	3340
984	3340
2191	2206
2792	4067
383	1944
1838	1927
123	3237
56	2002
192	2002
1821	2002
630	4060
618	1839
752	1163
752	1206
1	9
242	2786
2782	2786
1817	2786
286	2115
1817	2115
1935	2115
56	2007
3796	3797
140	3796
2630	3796
2630	3797
1365	1486
632	1983
1176	1983
884	1872
769	3933
140	3373
3372	3373
69	140
69	588
647	2857
1112	3844
1306	3498
823	3498
1077	3498
2868	2935
1548	2868
516	2868
1583	1584
76	1583
2258	3020
1234	1356
1458	1983
1291	3266
1203	2515
1054	2515
1353	1355
1353	1354
413	1353
179	181
179	180
78	179
180	181
1817	2847
99	1817
580	3325
915	1066
423	1066
502	1066
2292	2403
2291	2403
114	2403
15	133
15	56
15	102
15	112
543	1259
56	1988
81	1988
128	162
83	162
54	162
554	1595
501	3483
200	2247
200	2246
200	2169
2169	2247
2169	2246
2246	2247
504	857
504	856
188	856
188	857
856	857
191	875
191	872
875	1887
872	1887
191	1887
138	1887
376	1743
376	896
140	3745
3253	3745
3251	3745
604	2149
286	4069
235	4069
419	4069
221	3626
566	875
426	2774
140	3716
3716	3717
1118	2138
2138	2750
2138	4063
354	3213
241	3213
416	3213
937	2009
56	2009
106	2009
887	2009
74	2007
824	2007
878	2007
1546	2609
140	3255
2630	3255
2776	3645
1334	3645
223	1052
543	1647
113	2115
2114	2115
53	2114
113	2114
53	2115
242	277
2088	2089
282	2088
175	3439
3266	3709
140	3709
3578	3709
2816	2994
195	2816
1695	2215
188	740
172	740
76	740
102	2013
79	2013
56	2013
3245	3791
1547	2516
2694	3091
80	2350
593	3414
140	3414
2572	3414
90	3100
90	2759
1927	2433
342	2433
114	2433
106	2433
81	2433
726	2694
438	2639
2638	2639
233	2638
233	2639
2575	2639
2570	2639
2704	2891
949	2891
406	2589
233	2589
140	2589
2008	3419
2008	3626
3419	4023
140	4023
2008	4023
3626	4023
834	1120
3258	3593
3352	3593
140	3593
277	908
114	2465
2462	2465
2461	2465
2461	2462
114	2461
2333	2461
114	2462
2333	2462
2442	2462
376	1507
376	3115
54	129
89	129
3126	3278
694	2860
919	1505
56	124
54	124
74	124
470	2073
549	3095
549	3097
121	2106
53	2106
478	2754
910	4057
171	2986
1727	4093
1023	1053
1023	1365
219	3626
72	3626
2052	3491
140	3828
383	3828
1308	3828
225	3029
241	3029
243	3029
2064	2564
466	2064
123	823
487	1806
3689	3690
713	929
93	1800
3249	3873
3278	3873
140	3873
3249	3278
140	3278
383	3278
140	3249
3126	3249
383	3249
140	3797
3423	3797
140	3292
3253	3292
3292	3498
1430	3699
114	2350
128	2350
512	2385
286	2500
1168	2500
168	2500
114	2335
127	2335
575	3586
140	3586
1330	3586
198	540
1927	3215
706	3114
1089	1443
79	2106
918	2106
106	2106
1139	2106
515	2106
114	2439
2315	2439
127	1215
929	1215
374	4060
4059	4060
1945	2081
1917	1945
1169	3061
1368	1806
195	1806
46	1806
873	938
128	2480
140	4048
3316	4048
3316	4047
140	4047
4047	4048
286	422
520	1412
76	1412
452	1412
140	3436
3435	3436
2628	3436
924	2932
416	3754
140	3754
1330	3754
353	1356
1031	1356
3802	3804
140	3802
299	3051
718	1528
12	74
647	1989
2041	3696
1443	2513
2323	2550
903	1172
770	903
903	1637
574	903
449	1129
2254	3568
2260	3568
1334	1490
1752	1753
556	1752
76	1752
556	1753
76	1753
2121	2184
1486	2121
200	2121
200	2224
2223	2224
2121	2224
200	2223
386	835
835	1443
3315	3667
241	3228
2263	3228
291	2983
1528	2983
171	2983
76	1505
93	1505
670	2928
441	3482
1053	2089
1365	2089
282	1365
282	2089
172	392
279	392
78	392
922	2724
13	962
74	962
529	1092
1005	2630
1873	2732
1164	3099
140	3595
3427	3595
931	3161
734	931
83	931
898	931
95	931
330	2323
140	3804
3803	3804
240	1792
240	1791
1443	3012
401	3390
292	3390
426	3390
948	2495
520	2942
79	886
730	1202
449	627
316	607
1416	2215
477	3174
2110	2116
53	2116
1068	2116
687	3626
140	3626
140	3419
3419	3626
353	3626
1253	3626
1180	2098
652	3389
3861	3862
383	3861
140	3861
383	3862
140	3862
93	2555
75	2555
3608	3943
188	718
695	4082
279	2847
1139	2883
1401	2219
458	2219
1139	3785
823	1123
1791	1891
101	1791
2610	3608
3076	3237
39	342
39	93
3470	3569
3472	3569
2294	2359
342	2359
114	2359
114	644
2056	2754
1584	2754
707	2056
2041	2686
1876	2041
2179	2181
200	2179
200	2181
1316	3968
802	1039
1736	1929
53	2118
109	2118
81	2118
647	939
1637	4079
1643	3427
78	191
138	191
191	1287
138	1287
13	959
1151	1376
114	2101
114	2402
53	2101
2101	2402
171	2942
2941	2942
1033	2512
56	2019
2018	2019
353	1990
676	2136
686	2248
200	2248
2192	2248
2737	3981
2853	2894
2853	2893
82	2853
82	2893
2893	2894
267	2412
1824	3063
647	1416
172	327
78	327
93	327
140	3632
764	1048
910	1116
3253	3498
140	3498
135	2728
3567	3569
3568	3569
140	3569
316	1503
76	1503
326	1832
95	1832
415	927
223	2841
2538	2841
82	2841
354	3051
243	3051
578	858
452	858
188	858
292	858
3422	3588
2630	3422
2828	3185
3547	3548
299	3548
215	3034
2697	3034
243	3034
794	1666
140	1666
76	1666
232	1666
186	1666
1504	1555
343	1772
917	1304
2886	2953
1744	3110
960	2085
487	2085
1138	2085
122	2085
618	1217
974	987
967	987
652	781
188	781
638	781
1411	2051
1411	2052
939	1411
233	2688
140	2688
140	3924
114	894
115	2368
3026	3218
378	2726
1139	1730
76	1730
106	1730
2689	3812
140	3812
1308	3812
308	3316
188	791
2680	3508
470	718
2630	3484
140	3484
438	3484
1031	1223
708	1223
423	1223
370	3785
751	2759
2800	3103
1578	2800
878	2454
114	2454
342	2454
3	6
1	3
2621	3051
2635	3051
53	2110
331	589
241	3134
416	3134
1185	3134
90	1448
1074	4076
386	3012
93	3012
458	3012
244	3012
2260	3020
2254	3020
235	4073
1028	4073
151	2110
301	2268
588	3020
686	2128
1389	2128
200	2128
90	758
458	718
95	718
271	718
718	913
718	929
874	908
83	908
866	908
3506	3507
140	3506
2577	3506
140	3507
2577	3507
1838	2041
2283	2285
114	2285
2284	2285
553	2559
553	2058
553	2055
864	876
1781	4084
123	2737
279	1997
2001	3513
390	1283
390	1281
390	1282
1281	1282
1281	1283
1282	1283
416	3159
241	3159
915	4076
72	2775
217	1040
647	2783
1565	2516
301	1864
742	3100
11	74
1217	3027
627	4027
1519	4027
627	1519
627	1129
1129	4027
1603	2436
919	2093
2837	3237
734	2837
1672	2837
476	1028
566	3652
1330	3652
140	3652
595	2541
458	2541
343	2541
172	2541
82	2908
82	2906
82	2907
2907	2908
2906	2907
2906	2908
1519	1520
118	1520
76	1520
136	1520
79	1926
3253	3666
647	914
1028	3683
195	3683
1470	2430
913	2430
107	2832
919	2832
593	3821
140	3821
458	3821
343	3821
195	3821
694	3821
140	3869
292	3869
446	3869
878	3004
878	1907
228	1681
531	1681
1196	1912
3426	3427
140	3426
3426	3428
140	3428
3427	3428
90	938
287	938
83	938
56	938
375	652
1218	2367
791	1927
977	3625
591	1706
1706	1707
76	1706
226	647
647	2433
286	2433
732	1775
540	951
1098	2743
984	986
967	986
985	986
1203	1459
1054	1459
239	2218
442	3316
370	3316
3205	3906
1410	1824
81	1802
543	833
833	1057
794	4068
1809	1970
91	1970
56	1970
45	1970
566	2335
510	2335
1348	1356
413	1348
370	1348
876	3231
418	3231
127	2184
878	2184
932	3234
279	1574
1307	1484
187	3209
609	860
803	821
593	3285
1419	2057
1324	3594
229	3594
76	1720
488	1720
1228	1383
2417	2418
114	2417
114	2418
342	2418
1089	2142
587	1584
90	937
782	929
910	1448
82	467
151	1880
3195	4027
1326	3508
2055	3491
939	3491
903	1419
903	2972
383	3571
1535	1854
543	2537
1814	2537
1672	2537
171	2990
566	2990
688	2990
2744	3076
349	1221
588	1898
851	2178
377	685
1585	1844
2630	3361
588	1899
876	2117
151	2782
478	2178
700	2178
1297	2178
76	1677
678	1714
604	1714
76	1714
198	960
198	2323
357	862
2001	2994
1793	1802
140	3378
3357	3378
2630	3378
686	2243
200	2243
1425	1722
76	1722
107	2508
796	1065
915	1065
423	1065
1171	1993
1171	2071
121	1171
1665	1793
2585	2586
2584	2586
233	2586
114	589
402	2336
3264	3622
419	530
483	1361
1361	1511
267	2297
114	2297
1541	2791
2791	2792
339	2791
1652	2791
3724	3825
140	3463
593	3463
2264	2706
331	1089
1607	1880
90	886
83	886
114	2369
115	2369
1321	2369
802	1457
72	1457
76	1457
3314	4008
4008	4063
1052	1749
1435	2718
1435	2737
1435	3027
478	3497
145	3497
195	3497
1046	2949
620	2090
2706	3913
3380	3913
291	3214
53	1713
1032	2469
292	3020
241	3020
930	1483
873	1483
2605	3793
2605	3970
2605	3727
3793	3970
140	3793
3727	3793
225	3793
3296	4046
3447	4046
3266	3578
582	1329
234	1329
473	1630
186	1630
76	1630
893	1781
125	964
125	963
125	965
963	965
964	965
963	964
1307	2817
2790	3050
2743	2945
1139	3969
2435	2994
1438	2158
151	3295
823	1037
423	1037
603	1037
1026	1037
1161	3072
647	2782
960	2922
1334	2480
2480	2776
78	330
106	330
109	330
118	330
330	2328
1074	2088
1474	1559
286	3926
1645	1646
1646	1647
1645	1647
362	1811
1811	1812
147	1811
1202	2103
2103	2323
804	4049
644	2022
198	2022
1340	2022
82	2022
82	2040
56	2022
2022	2040
1578	3354
1578	2690
1578	1824
501	958
3333	3920
3118	3359
166	1847
242	1817
1817	2782
745	1821
540	2856
2215	2856
111	2856
1069	2856
291	2773
95	3196
241	3185
114	2410
2410	2411
2290	2410
2292	2410
2290	2411
2292	2411
114	2411
228	1661
2746	3067
2096	2746
458	601
1482	1727
76	1646
680	1646
151	1352
3446	3836
438	3446
140	3446
1323	2719
1334	2719
2648	3087
974	1022
972	1022
973	1022
413	1354
2726	2737
884	2726
2718	2726
140	976
531	1625
76	1625
537	1625
513	1625
166	2921
685	2921
144	2921
734	2921
686	2921
370	3632
1139	3632
924	3632
675	1819
1202	2350
1202	1352
1371	4078
1337	2790
525	2790
1100	1211
1296	2977
1527	1746
339	1652
458	3924
3705	3924
1443	3924
958	3924
231	1602
3246	3532
383	3532
140	3532
3245	3532
438	3630
2029	2981
2912	2913
543	2913
2211	3215
1616	2138
107	2138
200	2192
686	2192
1616	2192
1308	2695
233	2695
2694	2695
550	4093
1055	2149
277	3020
244	3020
2313	2314
114	2313
2295	2313
2584	3130
2585	3130
545	757
2294	2412
114	2412
1484	2199
1484	2941
1484	2010
749	3483
2300	2354
819	1233
56	2008
92	2008
3174	3963
550	1727
1834	1835
951	2088
3170	3276
147	1812
362	1812
102	1812
101	1812
195	238
238	240
78	238
238	239
82	2606
2047	2732
950	2524
950	3933
694	2385
2718	2775
82	2856
115	2856
128	2856
246	2856
128	246
587	1360
1510	1586
319	1510
76	1510
195	1510
458	1510
823	3497
1817	3497
140	3833
1109	2818
102	3785
140	3785
2476	3237
5	3027
5	2737
3673	3813
140	3813
3258	3813
56	2018
2290	2438
370	1345
1031	1345
465	1222
326	1863
215	1863
175	1863
140	3492
3492	3580
3258	3492
3361	3492
2657	3112
455	2022
156	876
699	3913
3913	4057
386	3140
1443	3140
2630	3372
2630	3285
3285	3372
3372	3514
3372	3811
1802	1833
94	1821
78	437
86	2300
1783	2386
342	2386
114	2386
3571	4049
140	3571
3571	3849
1205	1545
1527	1545
1063	1545
1243	1976
653	831
504	831
188	831
566	831
1964	2097
1971	2097
53	2097
2097	2098
1971	2098
380	2592
1107	2592
127	2041
1053	2817
1813	2651
892	2913
1768	2913
354	617
617	1667
299	617
1422	3518
3431	3432
1459	1617
76	1617
458	1617
1617	2515
3124	3767
644	1813
409	1936
1459	1547
342	2790
925	2064
930	2064
1459	2064
887	2759
187	3699
499	634
505	634
188	634
504	634
2264	2792
1139	2792
305	2792
147	2792
1072	1406
136	2596
3719	3721
140	3719
140	3722
3721	3722
3720	3722
3719	3720
3720	3721
140	3720
3719	3722
1960	2977
891	1425
3362	3732
140	3732
2612	3732
3731	3732
140	4013
2625	4013
593	4013
3581	4013
2625	3581
593	3581
3367	3408
279	2911
1053	2561
1739	1741
1591	1741
1591	1739
1591	1740
76	1591
1739	1740
76	1739
76	1740
76	1741
1740	1741
785	1472
1288	1312
735	2662
233	2662
2662	2663
2263	2662
2064	2515
1547	2515
1193	2787
273	2787
2470	2953
3325	3326
3326	3327
140	3326
2323	2994
79	2994
3086	3174
3465	3814
3309	3814
3244	3814
140	3814
932	939
301	2098
53	2098
870	2098
2612	3362
1038	1385
165	1900
138	1900
114	1900
870	1900
1118	1898
1584	1824
232	2745
3384	3580
3872	3942
3581	3872
140	3872
3548	3872
140	3548
140	3581
3581	3942
3548	3581
3548	3942
187	2856
923	3208
321	1028
321	2564
321	1169
321	686
290	1783
741	2053
2160	3149
406	3149
225	3149
241	3149
380	2117
370	2117
239	644
121	1993
1053	1705
76	1705
172	1705
1093	1593
2841	4080
502	2841
137	1197
143	1098
1206	4017
647	1606
1606	2753
707	1606
80	1675
76	1675
107	1675
1944	3442
1176	1944
1185	1944
652	1944
798	1483
127	2010
1153	1849
279	1849
515	1849
656	1759
528	1759
1879	2790
2790	2975
1078	1468
1053	3497
910	3497
75	3497
305	1082
503	2654
114	2427
267	2427
1783	2427
2424	2427
501	1443
2630	3391
673	3100
1151	1565
81	2732
413	1347
235	1347
1345	1347
1346	1347
3174	3348
2630	3630
773	3630
140	3630
3470	3472
3470	3471
3323	3472
140	3472
3471	3472
140	3471
3323	3471
1118	2856
195	4094
2743	4094
1053	1849
2122	2210
200	2122
2122	2176
1102	3004
859	1102
939	1852
3295	3693
3290	3295
3280	3295
128	2042
56	2042
113	2042
2041	2042
113	2041
588	1595
136	1595
76	1595
3430	3432
3258	3432
140	3432
1935	3995
896	1743
896	1507
9	81
9	56
9	82
9	1139
9	823
791	939
343	909
3183	3381
2610	3183
556	1329
136	1329
681	1329
709	2510
107	161
54	161
145	161
3352	3384
140	3384
3361	3384
73	2914
2816	2914
246	2914
156	2914
695	915
1202	2994
277	2739
277	2738
378	2738
2738	2739
2724	2739
378	2739
2724	2738
413	1345
235	1345
1345	1346
235	1346
413	1346
1028	1346
1139	1693
106	1693
316	1693
76	1693
2687	3237
652	2687
2599	2687
233	2687
920	2336
581	2767
841	1824
91	1383
107	1383
1383	1486
76	1383
90	1276
879	1276
308	1276
90	1259
910	1259
2572	3185
691	861
2254	3208
2630	3551
215	1590
76	1590
357	1590
143	1590
1769	2215
492	876
331	1821
131	2952
1552	2763
54	125
621	2262
554	2262
3295	3666
430	2712
562	2744
884	2744
1051	2744
155	1721
186	1721
802	1721
76	1721
935	936
165	935
97	935
83	935
155	297
297	929
878	944
879	944
83	944
2638	3724
869	2071
3096	3097
3094	3097
243	3097
3095	3097
3094	3095
3095	3096
243	3095
3094	3096
243	3094
243	3096
2994	3682
239	4095
239	4094
4094	4095
939	4095
2052	4095
939	4094
2052	4094
88	3914
823	3914
1619	2296
2195	2196
200	2195
200	2196
200	2194
200	2193
2193	2196
2194	2196
2194	2195
2193	2195
2193	2194
1499	1500
868	878
2630	3554
286	1373
474	694
1472	4027
82	2482
106	272
1851	1899
1851	1929
240	1851
1734	2501
3303	3352
3352	3522
242	2780
242	2781
2781	2782
2780	2781
1645	2781
1645	2780
2780	2782
242	1645
1645	2782
712	3187
1227	4062
1227	1487
2215	3185
140	3185
595	3185
353	3185
1063	3185
1077	2631
1	54
292	3206
1185	3206
241	3206
416	3206
287	2564
449	1780
76	1780
385	1780
1304	1662
2900	3174
416	2900
1320	3092
3092	3135
1783	2424
101	2001
2700	3611
123	200
123	144
2263	3645
140	3645
416	3645
255	3645
218	2561
2001	2561
219	2561
343	3705
624	1167
576	1167
423	1243
46	1649
156	2927
1903	2927
73	2927
75	2927
1010	2621
9	3334
3431	3689
56	1996
707	3870
3354	3870
2753	3870
140	3870
90	930
339	2794
155	2435
140	3810
383	3810
3118	3810
3634	3810
1334	2084
127	1643
2176	2980
197	2176
1862	2176
481	627
657	1376
4087	4090
4087	4089
237	4087
4087	4088
4089	4090
4088	4090
237	4090
237	4088
4088	4089
237	4089
841	842
188	841
564	841
171	841
2251	3208
2250	3208
2253	3208
3431	3766
3430	3431
3258	3431
140	3431
140	3500
140	3502
140	3503
140	3501
3500	3502
3501	3502
3502	3503
3501	3503
3500	3501
3500	3503
2303	2367
342	2054
122	2054
385	2054
874	2054
353	3276
876	928
545	3128
193	1626
140	2638
140	3825
438	3825
438	2638
2638	3825
223	3100
336	4041
140	4041
852	4041
2708	4041
575	3699
3318	4084
3748	4084
2568	4084
3598	4084
1571	1728
492	1571
76	1571
136	1571
542	3100
1303	1309
1309	3786
1309	1328
1320	3882
140	3882
3767	3882
3109	3882
1238	2052
805	3513
543	609
188	609
497	609
498	609
592	3646
1078	2564
75	2923
73	2923
156	2923
149	2923
3765	3860
1198	3198
241	3198
292	3198
3196	3198
2011	2430
1756	3696
3028	3696
2550	2986
308	2986
195	2986
1252	2986
454	2986
652	3155
3560	3561
3118	3560
140	3560
446	3560
383	3789
438	3789
140	3789
2630	3789
950	1186
2215	3148
3259	3887
3279	3887
2630	3887
140	3887
200	2136
2134	2136
2134	2135
1517	2134
200	2134
200	2135
1517	2135
1517	2136
2135	2136
350	1993
93	2744
1	4
1	49
1	50
1	6
1	7
6	50
2308	2406
2322	2406
2401	2406
305	3231
802	1687
686	1687
136	1687
76	1687
2607	3163
241	3163
292	3163
2608	3163
2228	2770
2620	3495
2620	2633
391	2258
391	2255
391	2253
391	707
795	1824
2299	2340
114	2340
2300	2340
2568	3362
3362	3731
140	3362
1222	2084
2474	2506
1588	2757
143	1243
882	1243
93	1243
1099	1243
2941	2965
2010	2199
2010	2941
2010	2856
2199	2856
2199	2941
1240	1502
339	2793
2792	2793
127	2793
594	2792
339	2792
1541	2792
2790	2792
127	2792
668	1215
471	1215
128	2909
1216	3208
473	1427
918	1171
929	1227
155	1521
679	3427
219	3427
75	2542
2006	2014
2697	3058
243	3058
95	2118
588	2118
458	2118
2118	2753
443	2118
2118	2637
413	1349
370	1349
1342	1349
1349	1356
1342	1356
370	1356
413	1356
370	1342
413	1342
149	169
380	1107
772	1854
423	1225
370	1225
639	1225
1028	1225
2292	2305
114	2292
2290	2292
2291	2292
114	2291
114	2305
114	2438
114	2290
2305	2438
2291	2438
2291	2305
2290	2291
2290	2305
2294	2729
3099	3100
477	3099
823	3099
243	3099
386	1247
1384	1951
1950	2234
1517	1950
1546	1950
1783	2322
880	948
235	237
78	237
236	237
235	236
885	1775
867	1171
734	3052
243	3052
355	3052
1546	1708
1668	2272
2125	2188
2188	2210
2176	2188
200	2188
2125	2210
2176	2210
1517	2176
1517	2210
200	2210
2125	2176
662	2176
2729	4007
383	3782
140	3782
653	3782
652	3782
2125	2190
140	4007
658	4093
318	1040
1422	2856
1484	2856
1061	1422
90	1844
13	960
1819	2654
1334	1966
539	1718
3323	3470
109	2732
618	1817
516	618
314	1847
3309	3542
662	2125
200	2125
107	2125
588	1578
1031	1230
1230	1231
423	1230
708	1230
438	3833
3356	3833
2630	3833
780	3348
243	3057
140	3868
3290	3868
3525	3868
3258	3868
513	1677
820	1677
531	1677
1953	3010
593	3389
264	4086
90	4086
1311	2776
169	1982
95	1982
951	1982
155	1982
1161	1221
3266	3577
261	1917
1917	2081
360	2081
3385	3391
3385	3390
140	3385
140	3391
3390	3391
1877	1883
3671	3803
377	880
1471	2919
513	1755
76	1755
513	1754
76	1754
537	1754
537	1755
1754	1755
640	1485
641	1485
1519	2510
544	876
184	1325
939	2785
2051	2785
2079	2785
2058	2785
379	3166
223	1515
588	1663
662	1793
2189	2718
349	479
312	3183
255	3183
241	3183
383	3183
2922	4057
860	939
860	1961
5	919
403	1983
3137	3809
2719	2725
378	2725
286	2725
2724	2725
2719	2724
286	2719
378	2719
1028	1500
370	1500
228	1500
215	1500
76	1500
140	3543
2572	3543
3157	3543
568	3543
233	2636
386	3015
575	3892
140	3892
3892	3893
1330	3892
140	3893
575	3893
1330	3893
466	930
458	894
630	3491
528	1151
929	2117
288	2457
185	2457
286	2457
886	2457
286	886
288	886
185	886
808	1569
1569	2956
1130	3150
1419	2972
1951	2479
82	2810
73	2810
2810	2911
75	2810
73	2911
82	2817
1470	2817
82	570
3295	3356
284	1434
1434	2669
1434	1990
131	2088
241	3239
724	3239
3238	3239
416	3239
724	3238
416	3238
2773	3981
1823	3215
114	2360
1639	3020
175	3020
186	3020
229	3020
443	1118
1118	4060
273	4060
1233	4060
165	4077
1586	4077
360	4077
845	3918
140	3918
416	3918
566	3918
2619	3918
1499	1661
76	1661
215	1661
3244	3441
3244	3440
1717	1718
76	1717
1716	1717
1716	1718
76	1718
473	1718
136	1718
90	2256
416	2691
233	2691
2691	2692
726	1096
1023	1024
56	1024
115	1024
363	1024
115	363
56	363
363	1023
56	1023
115	1023
873	2058
937	1674
2856	3792
1	56
1	55
1	53
241	3085
136	2708
147	2790
172	297
78	297
396	726
145	396
396	2715
396	1507
396	2718
658	2641
2593	2641
1824	2641
2383	2437
2436	2437
114	2437
342	2437
80	1593
116	2136
1371	2136
937	2136
493	3166
932	3129
1459	3129
53	645
107	1680
76	1680
316	1680
604	1680
106	1416
76	1416
308	1416
2630	3434
2630	3996
76	1700
780	1700
449	1700
481	1700
2630	3584
3582	3584
3583	3584
140	3582
2630	3582
3582	3583
1546	1823
3441	3487
458	2772
531	1676
1429	1676
76	1676
537	1676
225	3116
241	3116
2160	3116
586	3116
1443	1498
386	1498
487	1975
242	289
114	242
82	242
78	242
78	196
2629	3323
111	2770
1371	1860
90	413
413	1355
520	1537
820	4078
326	1874
1381	1874
114	1874
959	1874
2320	2405
114	2405
2405	2406
2405	2407
2320	2406
2320	2407
114	2407
2406	2407
114	2406
415	905
415	1960
415	2189
383	3977
383	3470
383	3840
140	3977
3470	3977
3840	3977
140	3840
140	3470
3470	3840
510	1218
704	1218
186	1404
1403	1404
530	3288
716	1542
76	1542
1477	1542
960	1542
194	1542
492	1542
550	2267
1236	1983
137	429
350	1971
799	3325
1323	2714
487	1839
326	1839
1839	1840
1817	1839
590	2142
370	3173
319	3386
1586	3386
370	3386
686	2200
686	2149
2149	2200
200	2149
200	2167
2167	2200
2157	2167
2149	2157
2149	2167
200	2200
2157	2200
1316	2740
870	1817
870	1053
530	1442
531	1447
537	1447
76	1447
409	2098
286	2098
1053	2098
1817	2098
1927	2098
2041	2718
282	2090
282	1046
282	1028
282	2091
478	1218
1218	1824
338	2730
2573	3201
241	3201
804	3201
336	3201
1122	2261
802	1537
140	3756
3251	3756
3295	3756
3267	3756
2263	2550
566	863
700	2520
544	2010
837	2010
837	2728
880	1803
479	1203
277	2841
362	1807
362	1808
362	1809
101	1808
1808	1809
1807	1808
101	1807
101	1809
1743	1777
736	3636
140	3636
383	3636
971	1014
969	1014
967	1014
1010	1014
1448	2747
543	2767
3226	3491
353	2063
353	2064
852	1514
1514	2595
3173	3342
83	957
368	957
277	957
957	958
920	1909
136	1613
416	1613
373	2022
375	2022
504	2022
1300	2022
375	1300
1083	2261
2841	2994
2298	2360
267	2360
2295	2360
3216	3611
647	3611
140	3611
393	3611
945	3028
1477	3046
1528	2772
354	3223
1158	2059
122	2059
2059	2060
915	2059
3875	3877
3251	3875
3875	3876
140	3875
3251	3876
140	3876
3876	3877
2962	2976
319	2976
1934	2976
171	2976
3457	3460
3457	3458
3457	3459
140	3457
3458	3460
3458	3459
140	3458
2570	3318
1389	2419
635	4063
3234	3235
379	2747
379	2916
2591	2916
1338	2916
1338	2747
2591	2747
3491	4060
340	4060
1139	4060
340	3491
1068	2495
1477	1907
2315	2316
2308	2315
114	2315
2298	2315
140	3689
3305	3689
3689	3766
586	3199
593	3963
140	3963
3523	3963
3389	3963
140	3389
3389	3523
437	2953
437	694
329	1657
340	2367
221	1679
296	2373
342	2373
114	2373
2303	2373
1862	2277
132	693
2157	2161
2158	2161
200	2161
2141	2161
2157	2158
200	2157
2141	2157
2141	2158
200	2141
1046	2524
1171	2766
416	649
53	2107
968	971
968	969
967	968
968	970
225	2658
398	2658
241	2658
233	2658
3302	3860
2630	3860
140	3860
3692	3860
1396	3844
2630	3390
949	2501
427	3743
427	2753
427	3604
427	3742
2718	3066
1304	2746
3577	3578
140	3578
354	3578
140	3577
354	3577
946	2211
76	1570
452	1570
1569	1570
520	1570
2323	2478
1416	3597
443	1416
140	1416
136	1416
293	3223
9	3844
301	1796
1139	1796
290	1796
13	74
732	3370
53	2117
128	2117
824	2117
1738	2669
481	1840
136	1840
441	1840
326	1840
1817	1840
487	1840
695	4083
419	1050
2588	3572
140	3572
3572	3966
2615	3572
1802	2486
286	1802
1802	2473
893	1802
570	960
2648	2745
2612	2745
2568	2745
1320	2745
3352	3361
3352	3580
3361	3580
3258	3580
140	3580
3258	3361
140	3361
3361	3766
3258	3352
140	3352
3325	4034
3258	3372
140	3372
3290	3372
3546	3567
2294	3036
1768	2294
2294	3027
195	437
437	458
437	1443
437	1038
1685	2093
136	617
172	617
188	617
617	652
3550	3551
140	3550
3550	3552
3466	3550
391	3027
391	3129
217	934
75	217
2916	4002
215	1769
76	1769
804	1769
1769	1770
225	2634
353	2634
233	2634
2634	2635
9	1330
9	2630
301	1795
1789	1795
1139	1795
290	1795
153	1535
153	626
243	3085
3065	3085
724	3085
3066	3085
326	1855
922	2857
534	851
95	909
140	3995
123	2718
123	2111
592	1727
3315	3316
3314	3315
3316	3570
2323	4076
458	4021
511	1639
524	1639
1478	2554
2554	2953
1078	1198
2817	2860
523	2860
4	49
4	50
4	910
4	878
4	74
555	1129
3147	3229
592	3229
353	3229
241	3229
406	2605
140	3546
383	3546
3453	3546
3546	3952
175	3489
2630	3489
2630	2633
175	2633
233	2633
78	422
53	1964
1964	1971
1793	1913
241	3194
416	3194
315	3194
2573	3194
106	3271
887	3271
184	3205
244	3024
3024	3025
659	3024
461	3024
140	3285
3285	3514
3285	3289
3285	3367
3367	3514
2628	3491
3157	3491
342	2860
146	2860
1367	2921
772	1567
146	1567
509	1567
76	1567
1695	2656
383	3345
320	1993
1993	2082
939	1993
1993	2071
226	2323
3667	3668
581	1376
528	1376
727	1376
851	1376
76	1376
140	3668
3570	3668
3315	3668
297	1032
106	1648
300	1648
76	1648
618	780
1470	2117
90	2117
271	2117
420	2117
894	2117
83	940
79	940
2323	3848
218	2928
994	3356
994	3440
279	1568
7	851
1183	1674
2672	2674
233	2672
2671	2672
2672	2673
2671	2674
2673	2674
225	2674
233	2674
233	2673
2671	2673
225	2673
406	2673
2977	3233
348	798
140	3956
736	3956
2685	3956
2269	3956
122	2064
939	2064
2058	2064
2063	2064
1547	2064
2064	2554
2063	2554
1547	2063
2058	2063
939	2063
122	2063
1637	2983
2594	2983
713	1883
353	3087
243	3087
444	3087
1663	3006
575	3984
505	3984
140	3984
1308	3984
2920	2979
2566	2793
682	1476
1708	1877
554	926
588	926
335	3723
568	3723
505	3723
140	2691
2691	3935
2691	3936
2691	3934
140	3936
3934	3936
3935	3936
140	3935
3934	3935
140	3934
1054	2088
1827	2790
297	1909
297	2470
1909	2470
1094	2470
240	2470
1927	2470
3118	3634
423	1100
823	1100
603	1100
1100	3187
915	1100
1	10
10	12
10	11
10	13
1	12
1	13
11	13
11	12
12	13
1	11
56	288
185	288
416	932
901	1153
901	2529
1392	3144
1392	2263
354	3897
3266	3897
140	3897
354	3266
875	2070
485	1573
114	2324
2300	2324
2299	2324
419	533
83	932
795	2056
668	795
188	795
481	795
458	795
530	795
795	1472
1180	2014
84	1403
82	2900
86	2900
342	2900
1817	2900
1053	2900
102	2900
54	153
1303	2587
563	2509
263	1880
3729	3773
3465	3729
3309	3729
140	3729
3465	3773
3309	3773
3461	3773
3296	3773
511	3100
511	823
140	3975
3180	3975
588	3975
140	3731
2612	3731
2568	3731
416	3731
876	1041
516	1158
226	1059
226	2950
875	2816
232	567
1073	1961
470	757
1149	1304
1202	1917
241	3238
225	3238
3071	3238
3070	3238
2966	3058
588	2966
140	3445
3267	3445
3400	3445
3418	3445
423	1220
1140	1220
915	1220
893	1220
1220	2741
804	1369
215	1369
146	1369
76	1369
3541	3542
140	3541
3244	3541
3530	3541
140	3542
3244	3542
3530	3542
546	1326
1971	2294
1759	3209
1224	2111
496	873
3422	3423
3422	3424
140	3422
3421	3422
140	3424
3423	3424
3421	3424
3421	3423
3421	3800
3421	3528
140	3421
3423	3800
140	3423
3423	3528
2630	3423
373	823
373	1300
373	423
373	585
504	1300
1252	2263
1046	2263
180	3646
140	3646
593	3646
228	1848
488	1848
1835	1848
326	1848
99	100
54	100
86	100
100	102
1094	1192
151	3174
1388	1756
1891	4091
140	3483
772	3483
383	3483
593	3483
1954	1961
240	1192
501	1320
501	3618
2515	2969
2516	2969
2323	2921
147	1586
1323	2746
378	2746
642	2746
1334	2746
2228	2746
1578	3103
1308	3276
575	3276
652	3276
140	3276
3138	3234
1836	2041
3237	3859
217	375
913	2470
596	2470
2084	2470
1817	2470
815	3791
1334	1585
3259	3408
140	3408
3260	3408
3258	3408
329	2604
426	1679
1762	3171
695	1470
1160	3128
286	2490
168	2490
2490	2491
1168	2490
644	4059
374	644
3109	3375
654	3375
383	3375
140	3375
1164	2596
2596	3844
596	2596
560	2596
1423	3370
1357	2971
542	1426
110	155
54	110
74	110
93	110
1443	3444
923	1484
864	1953
2919	2960
939	2582
233	939
225	939
537	1727
416	1727
531	1727
76	1727
670	1764
140	3523
593	3523
335	3523
3245	3523
1175	2856
3368	3766
140	3368
3367	3368
3289	3368
1207	1308
1034	1303
465	811
811	1138
326	1820
555	1820
458	1820
1401	1820
172	763
499	763
524	763
579	763
188	763
263	1490
1213	1490
1233	1490
273	1490
875	2014
1161	3981
720	3215
150	286
2936	3162
2593	3162
706	1652
1068	2981
288	458
78	288
288	343
286	288
1824	2517
1864	2517
2517	2971
195	2517
343	2517
306	2517
458	2517
2516	2517
952	1768
925	952
952	1439
273	3926
444	3926
1028	3926
1507	3926
734	3926
2652	3156
402	422
156	422
75	422
149	422
55	232
55	172
3345	3650
224	2385
53	1606
140	3666
3666	3945
3666	3946
3666	3944
140	3946
140	3944
140	3945
3944	3946
3944	3945
3945	3946
123	2720
123	1028
140	3939
3939	3940
3938	3939
593	3939
593	3938
140	3938
3938	3940
140	3940
593	3940
615	950
1697	2512
1438	2512
1665	2512
1163	3959
1152	3959
1026	3959
1891	1918
1198	3806
1042	1593
107	1259
225	3199
241	3199
140	3199
1018	3199
3733	3774
3344	3733
3251	3733
140	3733
3267	3733
1175	1966
934	2961
2951	2961
673	1650
564	567
567	606
188	567
140	3877
3251	3877
3253	3877
3313	3877
742	2800
751	2800
560	2800
480	1614
76	1614
478	1614
556	1614
76	1370
326	1370
659	1370
1370	1371
677	1370
891	2946
123	277
123	273
123	887
123	301
106	123
123	145
54	123
86	123
157	1910
2041	2763
82	2228
416	3901
219	679
1028	1249
950	1228
1759	3482
1326	1759
2006	2088
1824	3168
213	3168
443	3168
292	3168
241	3168
140	3583
1327	3583
2630	3583
3583	3947
1327	2630
1327	3947
2630	3947
140	3947
2666	3947
2667	3947
405	1213
405	716
520	1688
503	4027
519	1593
76	1593
444	1593
678	1593
2420	3081
799	1137
799	1771
525	799
2142	2926
73	2926
2029	2926
149	2926
140	3803
3258	3803
3290	3803
3289	3803
2714	2929
1026	1716
1233	1716
2056	2994
526	2056
1422	1484
1941	3021
972	988
973	988
974	988
967	988
988	991
988	3349
985	988
984	988
985	3349
991	3349
3349	3434
991	3434
3434	3996
140	3434
985	3434
984	3434
140	3996
985	3996
127	3996
984	3996
991	3996
305	1108
1430	3145
2061	2555
481	2555
1108	2555
1139	2555
2056	2555
80	663
292	679
91	927
976	3376
3563	3982
140	3563
3253	3563
3563	3596
736	4022
438	4022
140	4022
735	4022
556	1823
563	1823
2070	2954
1884	2070
1484	2704
244	3005
1991	3792
551	1991
566	1991
393	1888
80	1391
87	946
46	1359
2931	2979
195	2979
171	2979
1484	1507
3145	3684
1196	1817
1365	1504
1161	3843
3843	3844
458	2878
1401	2878
2878	2932
1443	2878
851	2878
1028	2878
851	2932
1443	2932
1028	2932
458	2932
567	2595
567	851
567	1476
550	567
1893	2088
174	2385
121	1792
239	1792
239	1791
1603	1941
533	1218
673	1218
851	1218
915	1218
423	1218
373	504
1192	3363
652	3363
140	3363
1177	3363
3174	3363
1330	3321
140	3321
292	3321
575	3321
147	2787
2288	2787
2288	2789
958	1538
1538	3705
1443	3705
958	3705
441	3705
458	3705
1443	1538
402	1893
543	2800
574	4079
949	1941
604	1186
423	1186
766	1186
915	1186
454	1186
888	2910
56	125
78	125
125	172
125	287
125	244
548	3197
548	2577
548	2613
863	1459
618	1139
481	618
441	618
188	618
643	1768
1247	1443
891	1464
224	1547
1111	3117
511	542
292	3843
140	3843
3237	3843
2651	3843
3843	3845
2110	2953
692	2110
250	2110
195	2110
1068	2110
2110	4063
1229	3311
2856	2941
9	273
9	1672
9	416
9	184
9	316
555	1764
1764	1870
823	833
46	950
497	757
188	757
543	757
79	1158
1137	1961
805	2398
2579	3224
241	3224
416	3224
292	3224
744	3065
1607	2582
233	2582
416	2582
292	2582
225	2582
360	1299
928	1027
79	263
82	169
1880	3776
1175	1622
1952	3243
822	2782
1025	1112
2630	4053
2630	3466
3261	3466
3302	3466
76	1712
215	1712
804	1712
146	1712
81	2024
165	2024
56	2024
112	2024
76	1613
1655	2511
1297	1655
1443	1655
1442	1655
76	1655
1919	3311
647	1919
1919	3026
1919	3161
331	1997
331	2832
1775	2623
458	2623
534	543
820	1613
531	1613
1429	1613
188	690
2491	2501
828	2501
286	2501
267	533
2631	3809
3138	3809
543	1218
742	1218
426	1218
913	1218
796	1218
1028	2429
382	2107
1028	2107
402	621
621	920
128	1911
426	4079
1328	3508
342	2282
1108	1898
589	3046
147	2275
1042	2190
155	1039
920	1039
89	1039
423	1039
1039	1196
851	1039
1357	2781
1936	2014
1716	2781
299	3547
566	3621
588	3621
3258	3430
140	3430
3430	3766
3280	3430
3290	3430
345	1149
215	1149
423	1149
1149	1236
582	1149
1149	1325
1236	1325
84	1679
727	1679
80	1679
76	1679
2935	3842
1135	1493
516	2040
595	2040
232	2040
56	2040
192	2040
297	1094
297	1060
297	939
297	1145
240	297
297	2468
2078	3348
232	2841
1775	3370
3080	3083
3081	3083
3082	3083
243	3083
1040	3083
318	1858
318	1860
318	1428
318	1429
314	4059
140	3676
3209	3676
383	3676
1159	3676
1089	2277
1089	2278
586	3058
114	2263
516	679
188	679
551	679
937	1517
3157	3778
299	3778
140	3778
736	3778
3777	3778
299	3777
140	3777
2269	3777
364	3777
736	3777
1422	3311
1182	1478
1182	2144
620	1182
331	590
590	1756
83	927
82	2886
244	747
1427	1691
314	3606
314	3607
593	3607
140	3607
3606	3607
292	3607
140	3606
593	3606
292	3606
140	3942
140	3723
3165	3723
3723	3776
3132	3723
3723	3942
3776	3942
3132	3942
3165	3942
3165	3776
3132	3776
207	239
1552	2144
95	1878
581	1532
353	1532
380	1115
137	2550
231	458
225	3669
2215	3669
140	3669
241	3235
687	1129
1656	3060
3036	3060
73	2920
2920	2922
2920	2921
751	3033
861	1294
823	1294
1292	1294
1976	2482
133	3981
2601	3981
1864	2971
175	1847
292	1847
862	4070
1000	3670
114	367
2058	2088
2088	2559
127	4062
383	3806
1313	3806
140	3806
292	3806
413	1351
1183	1756
1334	3068
2215	3068
3068	3073
225	3068
243	3068
243	3073
1334	3073
225	3073
2215	3073
755	3896
329	1559
544	2728
132	745
132	1410
370	932
82	1792
1054	1237
887	2915
1421	2915
893	2915
126	1546
971	4046
970	4046
969	4046
3345	4046
989	4046
140	4046
3438	3906
140	3906
184	3438
851	1975
195	1975
490	1975
174	1975
56	1975
127	1975
136	220
3025	3174
3014	3174
1830	1881
1255	1815
140	3605
2621	3605
2630	3605
2628	3605
2583	3605
3070	3106
160	1357
863	2190
1552	2542
89	2542
155	2542
1153	2542
172	2542
244	2542
2010	2728
459	1877
326	1834
1834	1849
875	1834
90	1834
813	1834
813	875
791	1035
574	3187
74	927
948	2603
851	1851
1851	2953
315	1762
350	1891
1026	1515
346	427
83	427
342	427
78	427
221	427
218	427
426	427
427	805
274	1747
1747	4063
1819	4027
985	993
992	993
967	993
991	993
984	993
143	1474
925	1474
804	1474
76	1474
357	1474
3125	3160
273	349
2282	2303
1783	2282
959	2282
114	2282
616	1472
188	814
2588	3966
1856	1878
457	1878
326	1878
343	1878
526	1819
151	543
151	2718
5	2718
140	4038
72	4038
314	4038
292	4038
2679	4038
3994	3995
504	1491
114	2058
2011	2058
2779	2954
583	823
960	2860
86	2717
1367	3844
375	504
1976	2328
1504	2419
960	2419
929	2419
2323	2419
79	2419
2328	2419
114	2419
198	2111
2272	3684
467	3684
3684	3933
140	3684
309	3026
2697	3325
1028	2727
2723	2727
2070	2727
378	2727
1216	2727
566	3859
1084	1251
87	2031
339	1831
878	1747
140	3367
3367	3766
3289	3367
3258	3367
1756	2142
331	1756
331	409
659	3060
1115	1952
734	2524
466	2010
244	2010
279	2010
80	2010
667	1409
873	930
2737	3065
331	470
864	1788
483	1511
76	1511
594	941
824	941
232	941
941	942
83	941
232	942
594	942
83	942
824	942
933	2047
455	3166
582	1311
271	1622
271	1246
2945	2960
1122	1864
1713	3054
78	413
1020	3356
566	1293
343	2701
93	3669
2306	2355
2090	2323
552	1864
2262	3742
652	1783
1783	3994
1375	2981
2316	2424
2424	2425
2321	2425
2316	2425
267	2425
114	2425
2320	2425
1691	2061
291	2061
291	1375
707	3323
3263	3323
1499	2323
244	3021
1089	3021
1459	2144
1459	2142
2142	2144
239	254
531	1523
531	1746
1523	1746
537	1746
76	1746
537	1523
76	1523
1482	1523
1523	1587
513	1523
513	1587
76	1587
1482	1587
537	1482
76	1482
513	1482
588	1482
1857	1881
326	1857
1824	1857
1857	1880
478	1857
721	1824
600	601
1038	1847
1596	2510
547	1708
308	1553
1547	2931
439	2271
93	439
102	439
78	439
79	439
409	439
635	1101
343	1041
2594	2922
1207	2922
137	195
134	137
887	1535
3441	3447
3447	3698
82	2092
46	1759
471	1880
820	4077
1188	4077
136	483
915	1237
1237	2529
893	1237
1153	1237
423	1237
543	730
1408	2772
229	1639
76	1639
520	1639
504	1639
175	1639
155	1129
1129	1443
1443	1519
1129	2510
675	1129
265	1129
423	1129
1129	1205
572	1129
1129	1519
602	1129
602	1519
1205	1519
572	1205
192	2828
126	4074
1234	4065
943	3237
1544	3904
79	3743
140	3316
3314	3316
3316	3832
2612	3316
3316	3685
557	1695
820	1371
318	820
196	493
408	419
1199	3152
1707	2111
235	4068
2501	2630
495	3054
2519	2564
2554	2931
454	2793
1855	1856
488	1855