140	3993
140	3874
140	3555
76	1450
76	1589
140	3820
140	3989
188	514
566	1964
140	3891
140	4043
140	3429
76	1766
54	117
140	3254
200	2166
76	1610
76	1701
62	3334
78	433
114	2416
188	605
140	3856
76	1440
54	170
82	1705
114	2345
1053	2839
200	2129
172	2531
46	966
114	2334
82	2880
155	965
54	139
244	3018
387	851
82	2852
1	30
1725	3649
1970	2109
200	2155
390	1276
82	2869
188	725
140	3855
140	3910
78	396
200	2153
2392	2718
1819	1995
1809	3732
188	843
127	1705
200	2143
140	3397
147	3649
200	2241
390	1258
54	152
1806	2288
114	2455
200	2171
200	2222
82	2882
82	2873
52	1768
1809	2022
391	3169
60	2348
893	2785
1833	2856
82	2859
54	104
114	2319
114	2329
82	2802
78	325
82	2827
147	1436
140	3847
59	81
114	2343
140	3779
114	2342
225	1265
78	302
59	1588
62	2348
950	3082
82	2891
114	2293
35	1768
172	2544
200	2124
60	109
590	2868
140	3545
56	1994
647	2677
56	1957
140	3784
56	2035
140	3589
1028	1265
1	52
416	2867
82	2804
3027	3497
140	3853
182	1287
1139	1271
78	376
56	1985
140	3590
200	2150
1819	3477
101	786
76	1417
56	1963
2413	2666
76	1582
385	1792
82	2808
140	3493
200	2221
140	3986
82	2822
140	3627
375	2271
1280	1806
74	282
78	334
76	1444
3057	3913
82	2901
200	2162
1	8
78	190
140	3637
56	1940
78	311
1615	2947
56	1999
140	3509
78	303
1	37
1	23
1	59
76	1378
1	43
56	2038
1	41
82	2902
458	1194
56	1983
2868	2966
76	1522
2868	3924
140	3962
395	1202
114	2428
1013	2621
82	2846
543	3700
82	2871
140	3420
46	1723
114	2339
1	18
543	2860
78	410
140	4037
390	1271
878	2000
1	24
90	2864
56	2026
78	282
140	3708
123	2773
114	2422
390	1285
1768	2254
1369	2746
243	3090
2720	2864
1560	3743
82	2903
78	414
200	2238
1987	2832
390	1262
114	2400
1817	3030
140	3983
140	3718
1747	1817
114	2302
188	697
90	2837
76	1480
449	2069
140	4032
76	1733
543	1705
1330	1943
82	2800
78	285
1	57
114	2289
244	3009
140	3534
81	2564
127	2810
1118	1987
140	3979
1927	2103
140	3730
390	1260
140	3409
200	2203
78	352
76	1446
1	38
200	2197
140	3752
45	2737
1833	2014
140	3469
76	1557
82	2844
114	2466
117	390
876	2516
140	3923
76	1751
390	1265
76	1758
885	960
2939	3368
390	1266
140	3886
284	1182
960	1595
78	394
140	3686
140	3401
880	1973
1	25
390	1272
1	58
200	2202
53	2104
140	3772
82	2877
606	3205
39	1588
140	3953
82	2845
140	3879
200	2205
82	2872
1768	2009
2086	2087
82	2811
114	2420
140	4024
78	209
918	3174
76	1577
286	2639
78	248
200	2219
203	893
78	266
140	3612
62	316
1355	2254
114	2327
775	1943
2666	2837
78	310
1	26
76	1489
1	17
140	3819
1	63
76	1530
200	2146
82	2864
142	390
140	3433
82	2526
140	3852
123	707
140	3898
1083	3634
82	2826
391	3234
74	214
56	2034
176	1287
101	1437
76	1724
53	2108
1	42
366	2119
279	3960
56	2012
82	2820
78	361
1768	3872
76	1609
82	2805
1	62
140	3822
114	2366
140	3987
1552	2864
82	2897
114	2304
200	2147
200	2201
82	755
286	1414
114	2338
140	3277
1265	1768
56	1992
725	3174
140	3300
114	2384
1053	2389
82	2863
151	2332
2449	3968
78	222
140	3801
200	2249
244	2998
195	3617
78	369
390	1257
390	1278
53	2094
140	3775
2013	2271
737	2158
140	3615
543	3752
2662	3956
82	2824
244	3000
78	445
114	2404
200	2156
1007	3655
140	3257
56	1965
140	4052
78	258
200	2132
140	3902
114	2441
2394	2666
56	1949
82	2895
114	2356
76	1580
114	2463
1053	2009
391	3426
188	683
54	130
54	98
82	2885
114	2307
543	2905
82	2896
114	2358
82	1273
1	51
2111	2857
140	3694
1552	3003
292	1971
82	2867
875	3785
188	849
554	2525
82	2825
188	637
82	1747
1691	2575
1629	3293
82	2835
200	2236
91	3336
140	3980
172	2556
1822	2736
140	3538
45	1588
1	61
140	3557
950	3926
188	855
1053	2837
140	3991
76	1638
140	3883
51	3844
140	3282
389	3027
1259	3334
78	262
82	2795
200	2164
82	2838
140	3403
140	3837
200	2230
76	1536
76	1719
78	453
74	259
1800	2753
200	2173
2057	2947
56	2032
423	1062
54	157
78	268
78	395
1	70
56	2023
184	3870
60	273
1588	4042
929	2367
288	2088
2741	4087
27	1287
244	2999
915	2970
128	3330
82	2876
439	1116
140	3328
9	1725
114	2370
1821	3603
53	2099
140	3250
1641	2522
78	216
2111	2855
140	3805
78	460
140	3558
78	321
114	2353
140	3677
1139	1273
992	2753
114	2318
114	2346
140	3416
114	2361
101	2679
939	3959
426	2185
1270	1806
56	1967
1	36
140	3353
71	72
78	351
200	2174
76	1726
172	2537
1802	2088
1345	2746
390	1284
76	1456
308	3780
76	1556
1588	2454
419	3767
15	1806
200	2154
76	1462
122	2077
82	2839
0	1
114	2467
1028	1617
140	3866
140	3751
56	1968
95	3061
1806	2730
114	2426
114	2301
1691	2533
239	4093
1	33
82	2830
2015	2189
1	35
244	3003
200	2199
1	20
44	878
1053	1347
76	1576
878	2063
127	574
78	356
75	1271
82	2801
1	48
1448	1806
46	1700
56	2021
880	2587
1768	3368
200	2127
140	4044
82	2879
76	1644
244	3017
114	2317
922	1747
411	851
114	2347
140	3972
390	1277
200	2212
140	3960
76	1694
140	3614
133	2867
56	2043
78	259
1806	2798
1	67
1139	2875
244	2995
172	2539
1	64
76	1636
114	2413
140	3660
734	1923
140	3917
390	1267
3208	3325
929	3785
200	2183
402	679
74	421
78	390
443	1259
1139	3820
2199	3027
823	2274
78	247
385	3168
78	332
9	390
76	1540
140	3562
78	211
82	2878
76	1779
78	412
62	1725
390	1275
172	2548
188	717
140	3392
1806	2837
56	1942
566	2850
423	1067
1	60
59	878
140	3592
65	2718
140	3787
140	4000
140	3783
390	1259
56	2005
76	1512
44	1588
82	2796
114	2344
342	2525
200	2172
82	2823
98	390
887	2771
140	3633
56	2030
1308	1370
140	4040
82	2888
2348	2867
200	2159
553	1365
76	1715
82	2819
82	2848
1	66
1355	1806
172	2525
140	3504
2429	2737
76	1627
200	2239
2253	3635
1028	2254
114	2453
76	1418
56	1956
87	1902
74	432
390	1261
200	2180
140	3393
140	4036
200	2137
1	32
1819	2118
1	2
82	2806
1	21
114	2395
82	2887
114	2374
114	2456
1168	2753
1	29
380	2718
140	4009
82	2842
140	3921
200	2240
114	2312
140	4005
82	2840
53	2095
1161	1660
82	2834
647	2394
1	14
114	2399
56	2044
114	2391
140	3648
59	2737
1824	2449
200	2139
876	1259
200	2187
1	22
974	1021
82	2857
390	1268
3027	3820
114	2379
200	2133
78	435
200	2244
200	2233
195	3871
200	2204
78	214
811	948
82	2884
200	2163
1988	2737
76	1400
82	2866
140	3347
113	1546
225	2882
1	65
114	2432
82	2836
53	2113
140	4033
244	3026
172	2557
140	3706
114	2390
342	2531
274	1531
1605	3311
1	69
114	2394
56	1958
1105	3027
82	2881
387	478
78	278
82	2862
114	2280
200	2208
360	2918
54	103
1430	2257
140	4045
2348	3785
286	3014
39	2737
78	431
200	2130
1286	1471
140	3301
76	1561
78	337
200	2198
9	1053
78	298
114	2387
878	3699
82	2797
200	2209
333	516
78	210
56	1955
200	2220
125	966
2253	2837
200	2232
200	2170
62	3844
51	109
1	47
200	2151
76	1497
244	3011
76	1671
1768	2831
880	1957
56	1990
128	1432
39	878
880	1943
390	1274
140	3603
2063	2111
56	1948
2400	2718
140	3602
82	2849
78	411
390	1263
114	2311
1	34
140	3931
1	19
76	1386
390	1273
1265	1970
80	3762
82	2875
128	3669
114	2325
370	2831
82	2843
78	432
200	2120
76	1518
1927	1979
82	2870
82	2904
878	1988
140	3654
140	3343
78	304
16	1365
775	3452
76	1750
140	4029
2253	3463
2036	2720
122	2069
41	1768
114	2409
1899	2941
78	328
140	3937
76	1437
123	200
213	710
82	2837
114	2445
904	3246
140	3780
566	1448
929	2392
2379	2737
1852	2253
56	1959
390	1256
76	1374
82	2854
1	40
244	3002
140	3919
140	3974
114	2393
56	2037
46	1000
380	876
140	3678
200	2231
172	2523
390	1270
1080	3849
114	833
3678	3679
195	1995
458	1995
140	3456
140	3620
60	1330
78	257
2737	2837
56	1973
140	3858
188	790
504	790
46	2773
1806	2875
288	960
244	3022
78	294
1914	3245
9	2348
82	2899
51	823
82	2855
566	1833
140	3961
140	3854
140	3656
78	397
172	2522
140	3905
51	316
94	1725
446	3858
82	2813
1817	3015
114	2389
919	1972
200	2177
686	2177
25	74
56	2025
78	201
200	2245
929	2375
82	2803
56	2016
530	4008
519	2476
78	366
78	421
390	1264
140	3764
140	3664
56	1995
82	2814
107	3726
74	311
140	3834
1768	1943
1943	2718
60	1725
82	2874
114	2440
76	1641
78	256
75	1415
76	1415
466	699
114	2423
2088	2278
1139	3960
82	2222
140	3675
140	3761
27	1819
56	1972
56	1984
1273	1806
1	31
59	1970
423	1201
887	2392
2013	3401
1182	2013
734	2839
188	728
480	728
82	2889
78	387
1747	2737
82	2868
3317	3674
140	3674
707	3546
2111	3136
140	3681
3626	3681
56	2036
277	2036
2743	4094
114	2464
967	1012
53	2102
327	585
108	2444
114	2444
82	2890
2385	2753
554	3975
114	2446
200	2235
1307	2817
82	2809
791	2922
2125	2141
3505	3638
140	3505
140	3638
974	1012
78	191
1	28
140	3452
438	3452
114	2421
200	2242
396	3174
593	3463
140	3463
195	1405
95	3477
114	2434
1817	2048
82	2831
939	1802
1089	1443
200	2243
686	2243
390	1280
271	2256
3434	3943
1783	3245
795	1824
1	68
1257	1806
195	1896
220	1036
1924	2253
149	2253
140	2688
233	2688
3208	4093
242	2785
1817	2785
876	3497
2294	3050
2101	2402
114	2402
2715	2716
378	2716
3733	3973
140	3973
140	3497
390	1269
1269	1279
390	1279
588	3619
873	2931
1341	3849
929	1227
2435	2994
239	2218
950	1237
2657	3112
56	1986
1977	1986
56	1977
764	1405
76	1405
822	931
1127	3809
1084	3809
1927	2931
114	2287
2287	2388
114	2388
3519	3549
140	3519
917	1304
140	3908
3710	3908
53	2109
101	2109
246	2856
1711	2593
1711	2641
140	3878
3733	3878
3295	3474
140	3474
13	962
74	962
140	3871
2630	3871
202	4059
202	4060
3427	3595
140	3595
54	158
158	159
140	3499
3476	3499
2082	2482
1304	2482
3924	3925
140	3925
1470	2430
2832	2994
221	2832
213	3413
140	3413
878	2454
140	4019
3258	4019
114	2415
102	2415
140	3867
438	3867
74	961
13	961
1478	3710
140	3710
76	1431
560	1431
114	2375
133	2375
140	3928
140	3929
3928	3929
140	4035
3729	4035
140	3576
3575	3576
140	3575
2567	3632
1666	3351
140	3351
3086	3174
200	2191
2191	2206
200	2206
520	3881
140	3881
89	1709
76	1709
151	2110
200	2237
2178	2237
200	2178
140	4006
3255	4006
127	2335
78	428
242	428
587	1584
593	4003
140	4003
76	1699
444	1699
217	594
200	2131
175	2131
374	1032
1046	2959
1028	2959
451	3007
470	3007
76	1525
316	1525
140	3850
3849	3850
554	1171
140	3341
2630	3341
2595	2878
1371	2222
2793	4060
140	4058
3292	4058
13	960
893	3683
486	553
939	2385
140	3808
2630	3808
2351	2352
114	2352
114	2351
1975	2085
172	2551
172	2547
2547	2551
255	3262
140	3262
82	2815
82	2833
2815	2833
244	2997
815	3541
585	3541
200	2185
686	2185
76	1506
316	1506
76	1581
342	1581
617	707
283	284
78	283
1547	2925
473	2925
9	1768
1139	2798
1164	3099
918	1945
3888	3889
140	3888
140	3889
788	1416
281	3641
140	3641
1474	1559
282	1365
76	1673
175	1673
244	3020
277	3020
967	980
974	980
62	109
62	1053
82	1051
899	1909
1372	2516
543	1276
815	1356
1950	2720
82	2850
82	2818
2818	2850
136	2077
449	2077
577	2055
2630	4054
140	4054
140	4055
3296	4055
1138	1366
1366	2085
140	3526
3526	3527
1744	3110
2892	3311
647	2892
195	3683
1028	3683
78	212
823	2892
273	2892
233	2649
593	2649
2168	2186
200	2186
200	2168
885	2561
2561	3200
385	1398
114	2281
114	2380
2281	2380
1527	2178
2260	3568
2254	3568
140	3511
3295	3511
2773	3669
200	2207
166	2207
1783	2349
114	2349
140	3387
3387	3388
3733	3735
140	3735
76	1398
316	1398
1944	2084
1222	1944
82	2829
2829	2851
82	2851
1334	2222
2222	2601
1824	1884
608	1185
1828	1951
82	467
458	601
53	2105
1713	2105
1345	1914
419	1914
3174	3963
76	1658
186	1658
2215	4010
140	4010
1030	3828
273	3828
200	2152
2121	2152
2630	3663
140	3663
1672	2537
2648	3087
360	2391
512	2771
543	2771
74	182
74	204
172	2555
3841	3992
140	3992
140	3454
3295	3454
1116	2561
3242	3966
1833	1839
581	1870
1139	1870
186	1509
76	1509
2800	3103
1578	2800
79	2004
56	2004
2630	3661
140	3661
740	4027
551	740
788	2215
788	3215
2812	2821
82	2821
82	2812
1585	1844
2430	2510
188	846
498	846
4014	4015
140	4015
2088	2799
91	2377
114	2377
2017	2033
56	2017
56	2033
588	1259
155	3913
225	3683
140	3683
876	3231
3258	3450
140	3450
82	2865
156	2865
339	2788
127	2788
530	3122
458	938
114	1411
1411	2297
2915	3924
958	2915
875	1775
182	204
78	182
772	3930
140	3930
2010	3050
140	3700
584	3700
3331	3361
140	3331
18	316
18	416
74	253
74	176
2753	3906
233	2681
593	2681
1330	3496
140	3496
863	1768
128	2909
140	3539
2630	3539
2142	2783
803	2783
3258	3515
140	3515
140	3467
2630	3467
1484	2996
171	2986
2817	3677
570	3677
286	1432
1432	1958
286	1958
140	3204
241	3204
770	2268
114	2335
82	2335
89	159
54	159
652	3954
140	3954
3707	3880
140	3880
3795	4014
140	4014
3276	3985
140	3985
140	3781
354	3781
140	3579
383	3579
644	1813
2878	3173
1401	3173
5	212
212	213
301	3870
1793	3870
140	3628
3628	3629
140	3629
271	3100
82	2828
145	2106
93	2454
56	333
78	333
291	1970
1470	2385
82	2009
89	129
54	129
112	2103
53	2103
385	3969
1139	3969
1373	1745
76	1745
2010	2271
1370	3354
1370	2690
1801	2098
151	3295
1802	1817
686	2195
76	1503
316	1503
2610	3608
416	3537
140	3537
286	2799
3285	3613
140	3613
359	370
78	359
56	2048
3658	3758
140	3758
286	3926
609	860
566	941
235	4073
1028	4073
155	4073
893	4090
1028	4090
172	2532
402	2532
3536	3835
140	3835
140	3536
3333	3536
140	3388
3388	3492
922	2882
93	2882
140	3449
3449	3476
140	3476
172	2554
140	3851
3379	3851
1036	1493
316	1463
76	1463
845	2526
78	330
106	330
531	3273
76	1402
316	1402
176	253
78	176
78	253
114	2454
342	2454
316	1698
76	1698
734	1850
516	2106
140	4011
3217	4011
296	1725
928	1792
78	199
78	208
199	208
245	2100
53	2100
868	1027
929	1215
127	1215
3108	3932
140	3932
343	2013
458	2013
543	2537
1814	2537
647	930
930	2753
188	729
3266	3807
140	3807
114	2297
267	2297
316	1501
76	1501
281	3955
140	3955
114	2443
342	2443
140	3642
3333	3642
95	1618
76	1618
273	1618
416	3617
114	2376
267	2376
2296	3870
613	1749
1824	2512
2099	3601
2099	3460
76	1642
1613	1642
127	3926
140	4016
3823	4016
686	2214
1030	1467
2179	2181
200	2179
200	2181
1171	2111
76	1684
316	1684
81	2892
82	2892
78	434
326	434
16	887
875	2900
3109	3916
140	3916
1	5
316	1591
608	2577
2630	3619
140	3619
241	3228
2263	3228
343	2541
123	2737
2117	3699
884	2457
1532	3093
932	1824
2748	3141
2029	2981
342	2286
114	2286
652	3830
140	3830
376	887
2022	2807
82	2807
3273	3957
140	3273
140	3957
172	2549
279	2549
188	713
107	1605
140	3287
2630	3287
4059	4060
140	3790
2630	3790
593	3556
140	3556
140	3405
3405	3514
242	277
1528	2837
974	987
967	987
140	3255
2630	3255
376	3115
81	1988
56	1988
101	1791
1791	1891
3352	3802
343	1772
221	876
876	885
142	163
54	163
54	142
1	39
1401	2499
3251	3283
140	3283
53	2101
114	2101
1253	3626
72	2775
932	2323
929	932
2941	3477
585	3821
593	3821
140	3821
1053	2817
252	2995
458	3477
1030	1934
3280	3998
140	3998
140	3284
593	3284
54	105
105	167
54	167
140	3531
3530	3531
81	2000
56	2000
932	1485
2792	4067
1365	1486
2913	3061
79	2799
1470	2995
76	1583
1583	1584
186	1575
76	1575
1927	2118
140	3540
593	3540
2855	3699
380	2855
380	3699
903	2972
903	1419
79	902
83	902
1208	1312
1312	1819
370	2548
2548	4063
16	82
16	56
1	16
56	1943
133	1943
378	2778
1028	2778
3220	3793
483	1198
140	3411
3333	3411
53	2112
86	2112
950	3981
3258	3553
140	3553
1793	2900
569	4060
374	4060
3291	3295
140	3291
188	619
588	619
699	2488
56	2027
2027	2028
823	3914
1371	2995
172	2541
458	2541
595	2541
140	4008
82	2798
81	2798
46	2348
1	9
581	2767
875	2543
172	2543
1414	4063
76	1469
441	1469
316	2122
80	2122
1000	3785
1890	2103
1821	2103
501	1696
144	2900
69	588
1001	2753
647	1001
56	1974
102	1974
2081	3404
1927	3404
959	2350
79	886
316	1259
140	3890
3626	3890
652	3527
140	3527
172	2527
91	2527
101	2001
910	2522
75	2522
2323	2522
659	1969
192	903
83	903
2305	2365
114	2365
929	1979
147	1810
362	1810
1806	1810
362	1806
101	1806
2253	3497
42	316
42	93
155	2457
1416	2215
647	2857
1672	3896
1731	1732
76	1732
151	1880
1565	2516
878	3004
878	1907
200	2126
2121	2126
76	1605
520	1605
3332	3333
140	3332
309	1182
1182	3401
309	3401
407	960
875	3669
1053	4023
677	4023
1330	3510
140	3510
520	1702
76	1702
1118	1433
140	3365
3364	3365
223	851
566	1936
140	3653
3624	3653
1633	1935
2140	2182
200	2182
200	2140
588	2540
478	2540
155	2540
172	2540
78	275
239	275
56	1979
1401	2219
458	2219
1218	2040
742	2040
2737	3960
1768	3960
1953	3010
188	832
691	832
342	3870
1817	3870
823	3870
1334	3870
114	2392
133	2392
1346	3115
884	1346
462	1664
76	1664
1	44
44	56
114	2439
2315	2439
1074	2799
82	2799
407	512
232	407
78	407
198	407
39	81
95	3185
172	202
78	202
82	2810
931	3161
734	931
1736	3038
91	2048
1053	2048
566	1600
79	3669
805	2062
949	2062
1031	4064
235	4064
316	1411
76	1411
1365	2089
1053	2089
2088	2089
282	2089
282	2088
742	1394
913	2430
2699	3927
140	3927
102	148
54	148
140	3909
2215	3909
2700	3611
140	4004
593	4004
948	2495
2630	3591
140	3591
593	3762
140	3762
2015	2341
114	2341
56	1969
887	1969
140	3976
438	3976
82	2003
56	2003
114	589
1528	1838
140	4051
2633	4051
2630	3658
140	3658
483	3117
1736	1929
136	1520
1483	3743
1483	3311
885	3971
1046	2429
3259	3306
140	3306
732	893
3292	3559
140	3559
647	4049
1074	2088
89	2995
929	2995
2625	4007
1196	1912
267	2372
114	2372
932	3234
1586	2973
1894	3311
1888	3311
1310	1744
122	2085
2828	3185
918	3354
140	3712
3541	3712
1609	2011
1609	1871
919	3028
95	2430
287	3743
290	1794
893	1794
391	2561
239	3581
458	1347
69	2630
69	140
1950	2039
56	1950
875	2254
875	2256
27	2737
1656	1927
343	894
221	647
730	1154
1108	2106
140	3617
3616	3617
89	1979
943	1979
82	2858
151	2858
3607	3823
113	551
1	15
1161	1356
2470	2886
2470	2953
360	3649
140	3649
3251	3649
618	2784
1817	2784
242	2784
2433	3311
647	2433
286	2433
1927	2433
3480	3969
816	2117
151	2295
56	2008
92	2008
90	1844
419	1345
93	1800
1291	3266
2601	3330
1	27
1108	1308
1316	3753
140	3753
1416	3655
140	3655
3185	3311
543	1647
914	2637
647	914
1809	1970
1023	1365
1023	1053
1023	2088
1433	2856
758	1433
79	317
588	941
316	1723
1074	4076
2064	2564
1171	3050
1033	2512
223	1203
151	287
1053	4060
919	4060
706	3114
140	3632
1334	2084
1353	1354
1353	1355
413	1353
80	2856
402	2336
416	3754
1330	3754
140	3754
449	1129
79	1802
138	1802
81	1802
1802	1833
1611	2603
670	2928
2886	2953
147	947
83	947
140	3256
2630	3256
383	3829
140	3829
2667	3610
2773	3497
1334	3497
730	2323
140	3912
3406	3912
575	3912
80	1554
507	4068
380	2117
1772	2468
2572	3414
140	3414
593	3414
458	1818
326	1818
1818	1819
2608	4026
658	4093
178	960
82	2898
156	1776
75	1776
1970	2348
1304	3669
56	1980
107	1980
94	1507
440	1725
734	3849
308	1276
879	1276
90	1276
114	2435
516	1107
398	3189
3062	3189
241	3189
593	3285
140	4007
244	3007
370	3007
915	3007
39	1970
543	1259
1867	1868
1868	1869
326	1868
326	1867
326	1869
1867	1869
678	1714
76	1714
604	1714
458	3715
263	1880
107	2832
781	1129
416	3901
887	1265
81	1265
82	1265
46	1806
54	77
699	3913
2271	2555
647	2783
513	1898
296	2435
2697	3034
215	3034
243	3034
960	1500
236	457
647	3231
305	647
647	1989
437	1443
851	2178
15	133
1819	3117
675	1519
1519	1520
76	1520
118	1520
876	1371
188	698
452	698
515	698
90	1448
910	1448
580	3325
3372	3373
140	3373
3361	3373
2687	3237
984	2828
3352	3522
593	3600
140	3600
794	3600
342	2499
241	3159
416	3159
292	3159
553	2559
553	2055
553	2058
1438	2158
1550	2076
903	1076
903	1172
140	3662
140	3364
3258	3364
3364	3662
3258	3662
841	1824
687	3626
606	607
140	3484
2630	3484
438	3484
2659	3073
742	1218
1202	1932
2575	2639
2570	2639
707	3323
920	2336
791	2303
540	951
200	2138
95	2118
1769	3386
1769	2215
3126	3249
3126	3278
78	179
179	181
179	180
78	181
180	181
279	392
172	392
78	392
286	2118
444	1349
416	3564
2696	3564
140	3564
133	1259
267	657
140	4026
2692	4026
3174	4026
512	1154
200	2123
2816	2994
195	2816
1223	2599
1223	3230
136	2433
789	1987
3	4
107	2138
1616	2138
682	1476
2368	2369
354	3213
241	3213
416	3213
590	2142
3076	3237
126	1546
618	1839
95	1474
939	943
1434	2669
1434	1990
284	1434
1308	3093
504	856
188	856
856	857
188	857
504	857
724	3793
5	919
726	2694
1182	2856
1944	3442
2628	3436
140	3436
3435	3436
823	1123
1792	1993
588	2118
235	237
236	237
78	237
991	3340
985	3340
984	3340
3329	3330
2630	3330
140	3330
200	2248
686	2248
2192	2248
132	693
1	3
3	6
3	878
123	277
851	1975
383	3571
2692	3571
1383	1486
127	2184
878	2184
45	2348
2545	2546
172	2545
763	2545
763	2546
172	2546
102	2013
79	2013
56	2013
516	2982
564	2982
171	2982
736	3266
718	929
718	913
271	718
629	2963
1053	2561
80	2350
243	3087
444	3087
353	3087
923	3208
752	1206
752	1163
3861	3862
383	3862
140	3862
383	3861
140	3861
2246	2247
2169	2247
200	2247
200	2169
2169	2246
200	2246
151	1783
1357	2022
106	1730
1139	1730
76	1730
111	2770
1287	1887
138	1287
191	1287
138	191
138	1887
140	3824
3251	3824
3313	3824
376	1507
376	1743
376	896
588	1898
255	3355
2602	3355
140	3355
290	1796
1139	1796
301	1796
56	2007
82	2907
82	2906
82	2908
2906	2908
2907	2908
2906	2907
919	2832
196	197
627	1519
627	4027
627	1129
1519	4027
241	3203
416	3203
140	3203
1838	1927
588	1482
950	1238
140	3897
3266	3897
354	3897
449	1820
140	3804
3802	3804
3803	3804
3802	3803
2462	2465
114	2465
2461	2465
3316	4047
140	4047
4047	4048
140	4048
3316	4048
3571	4049
3571	3849
140	3571
1448	3014
1047	3949
1308	3812
140	3812
2689	3812
113	2115
113	2114
53	2114
2114	2115
53	2115
1334	1490
73	2917
2912	2917
543	2917
647	3128
910	1116
734	3052
243	3052
355	3052
140	3870
76	1358
1358	1359
308	1358
223	1515
549	3095
549	3094
549	3097
369	2254
369	2256
369	2260
232	1666
186	1666
76	1666
233	2647
2599	2647
652	2647
2228	2770
3205	3906
73	2810
2810	2911
75	2810
1616	2192
200	2192
686	2192
403	1983
1236	1983
687	1129
393	3996
1665	1793
380	2526
235	236
2630	4053
140	3657
127	3657
393	3657
114	2457
342	2457
1927	2457
684	1460
1460	1461
76	1460
195	2986
140	3659
3253	3659
3313	3659
76	1722
136	1722
1425	1722
2620	3495
1813	2263
1838	2041
3223	3943
3608	3943
145	161
54	161
107	161
1821	2002
56	2002
192	2002
386	1247
2121	2224
200	2224
2223	2224
200	2223
2121	2223
140	4023
140	3419
1139	2883
875	1887
191	1887
872	1887
191	872
191	875
1072	1406
155	2435
53	2110
2110	2116
1068	2116
53	2116
878	2007
74	2007
824	2007
3345	3884
3650	3884
140	3884
125	964
125	963
125	965
963	965
964	965
963	964
2584	3130
2585	3130
1862	2277
378	2726
2726	2737
2718	2726
884	2726
924	3632
140	4042
136	4042
383	4042
3258	3813
140	3813
3673	3813
566	2978
171	2978
688	2978
45	1970
91	1970
56	1970
851	2965
354	3051
299	3051
243	3051
140	3636
736	3636
383	3636
1578	2690
1578	3354
1578	1824
78	189
21	78
78	204
21	204
189	204
21	189
418	3231
1384	2854
3314	4008
4008	4063
273	4008
716	4008
76	1681
228	1681
531	1681
887	3271
106	3271
188	740
172	740
76	740
1028	2814
2814	3143
273	2814
140	3857
3251	3857
3313	3857
1411	2052
1411	2051
939	1411
2790	3050
241	3134
416	3134
1185	3134
140	3926
3766	3795
3361	3795
140	3795
687	781
563	1823
588	1899
656	1759
2704	2891
949	2891
1601	2891
349	1221
762	1833
1217	3027
54	162
128	162
83	162
168	2485
458	2485
343	2485
655	1725
425	3581
340	3581
1164	1981
1076	1981
734	1981
898	4080
2856	2996
515	2996
3249	3873
3278	3873
140	3873
1276	2939
1276	2773
1276	2601
83	886
90	886
959	2282
470	1983
860	1961
125	244
1793	2433
1030	1623
178	499
326	1832
1831	1832
95	1832
556	1823
342	2028
56	2028
449	2028
2234	2480
1334	2480
2480	2776
93	1505
919	1505
76	1505
364	365
78	365
177	365
386	3140
241	3029
198	960
3126	3490
416	3490
140	3490
15	112
15	102
15	56
140	3274
3274	3276
3274	3275
3275	3276
1617	2515
1459	1617
458	1617
76	1617
391	2255
391	2258
1960	2977
1348	1356
370	1348
413	1348
56	2019
56	2020
2018	2020
2019	2020
2018	2019
46	1649
3426	3427
140	3426
3426	3428
140	3428
3427	3428
3446	3836
438	3446
140	3446
78	437
441	3482
537	1447
531	1447
76	1447
99	1817
1817	2847
353	1356
76	1774
1731	1774
1773	1774
1731	1773
76	1773
76	1731
54	125
530	795
1202	2994
2323	2994
79	2994
76	1735
436	1735
1734	1735
530	1112
515	2106
106	2106
1139	2106
918	2106
114	2414
1783	2414
267	2414
802	1457
72	1457
76	1457
2841	2994
1764	1870
244	288
269	1593
1093	1593
80	1593
458	1510
195	1510
1395	4007
200	2128
686	2128
1389	2128
223	2523
2523	2905
82	2523
223	2905
82	2905
1752	1753
556	1752
76	1752
556	1753
76	1753
1244	4086
2742	4086
140	3506
3506	3507
2577	3506
2577	3507
140	3507
378	2764
1028	2764
235	2764
1176	1983
632	1983
3292	3498
140	3498
3253	3498
3253	3292
140	3292
2630	3964
652	3964
140	3964
279	2105
918	2105
1574	2105
2225	2227
2225	2226
200	2225
2226	2227
200	2227
200	2226
147	1811
1811	1812
362	1811
93	327
78	327
172	327
804	4049
1601	4049
2630	3361
1361	1511
483	1511
370	2117
140	3425
354	3425
3266	3425
402	1898
972	1022
974	1022
973	1022
244	3012
2737	3981
2284	2285
114	2285
2283	2285
157	1910
588	1663
114	644
239	644
3114	3911
563	3911
140	3911
342	2433
600	3237
286	2500
168	2500
1168	2500
1552	2144
694	791
188	791
76	1412
452	1412
520	1412
1823	3215
919	2093
1138	2085
487	2085
960	2085
77	95
72	77
77	1528
516	2868
1548	2868
2868	2935
2744	3076
1053	2900
1817	2900
543	2767
114	2412
2294	2412
267	2412
91	2792
415	2792
927	2792
3226	3383
2272	3383
140	3383
1069	3076
90	937
2323	4076
1824	2994
566	875
616	1472
2737	3065
1151	1376
2994	3682
566	3573
140	3573
3108	3573
353	3626
140	3626
107	2508
875	2977
128	1911
95	3196
79	2106
121	2106
53	2106
171	2942
520	2942
2941	2942
2630	3746
2630	3747
140	3746
140	3747
3746	3747
1053	1849
1603	2436
554	1595
588	1595
76	1595
136	1595
114	2433
81	2433
106	2433
802	1039
2047	2732
81	2732
95	1329
423	1243
1063	1545
1205	1545
1527	1545
86	2381
114	2381
2300	2381
86	2300
1192	3363
1368	1806
487	1806
195	1806
1695	2215
700	2178
1297	2178
478	2178
2630	3796
3796	3797
140	3796
140	3797
2630	3797
3423	3797
126	2721
76	1720
488	1720
520	1720
587	1720
240	1792
240	1791
3840	3978
140	3978
3977	3978
446	3869
292	3869
140	3869
652	2687
233	2687
2599	2687
1202	2103
470	718
950	1186
454	950
46	950
56	938
481	3632
140	3734
140	3697
3697	3734
3733	3734
3697	3733
1759	3209
140	3293
292	3293
416	3293
140	3709
3266	3709
3578	3709
495	3054
1177	3363
3174	3363
140	3363
652	3363
1108	2555
1323	2719
1334	2719
2008	3626
3419	3626
3626	4023
3419	4023
2008	3419
2008	4023
707	3870
3354	3870
2753	3870
94	1821
2294	2729
76	1675
80	1675
107	1675
82	2092
796	1219
423	1219
915	1219
291	3214
458	2772
76	1631
604	1631
678	1631
1526	3174
800	801
1781	4084
2294	3027
2294	3036
1768	2294
1365	1893
596	1034
577	1034
2254	3020
2258	3020
2260	3020
279	2847
279	1997
1817	2786
2782	2786
242	2786
769	3933
2837	3237
734	2837
1672	2837
76	1630
186	1630
473	1630
383	1944
543	3086
292	858
452	858
188	858
578	858
76	1467
591	1467
273	1467
652	1584
155	1981
951	1981
56	1981
1319	1392
863	2190
342	2900
380	1107
644	3971
232	3971
1357	3971
2313	2314
114	2313
2295	2313
630	4060
340	4060
3491	4060
785	1472
27	1927
171	2990
688	2990
566	2990
499	748
188	748
582	748
502	2078
122	2078
2061	2078
1706	1707
591	1706
76	1706
658	2641
1824	2641
2593	2641
784	2666
862	4070
3285	3802
3514	3802
140	3802
1308	2695
2694	2695
233	2695
2893	2894
2853	2893
82	2893
82	2853
2853	2894
82	2894
618	1217
76	1717
1716	1717
1717	1718
1716	1718
406	2673
795	1472
301	1517
3472	3569
3470	3569
1416	3597
1546	1823
2841	4080
502	2841
106	1648
76	1648
300	1648
200	2121
2121	2184
1486	2121
54	124
74	124
56	124
554	926
588	926
1365	1504
950	3933
950	2524
458	2554
647	1416
423	1223
708	1223
1031	1223
114	2340
2299	2340
2300	2340
82	2040
1222	2084
2791	2792
326	1863
215	1863
175	1863
567	2595
2288	2498
2138	2750
1118	2138
2138	4063
1054	2515
1203	2515
438	2639
2638	2639
233	2639
896	1507
1443	2513
2215	2856
540	2856
111	2856
2001	2561
219	2561
218	2561
3180	3975
140	3975
588	3975
1954	1961
223	2841
2538	2841
82	2841
1824	3063
1281	1283
390	1281
1281	1282
390	1283
390	1282
1282	1283
277	908
188	781
140	3451
566	3451
613	3451
439	2271
340	2526
1139	3632
370	3632
1048	3632
3716	3717
3715	3716
140	3716
140	3715
3715	3717
3689	3690
339	2791
339	1652
1652	2791
1541	2791
305	2792
2264	2792
2630	3372
2630	3285
3285	3372
3264	3265
140	3265
3265	3266
1028	1346
1149	1304
1482	1727
257	851
132	257
257	458
257	548
2922	4057
1817	2115
286	2115
566	809
809	810
188	809
566	810
188	810
233	2678
140	2678
438	2678
273	2787
1193	2787
1821	2732
1873	2732
109	2732
721	2948
443	721
721	1824
267	2371
114	2371
2320	2371
1891	4091
1891	1918
3295	3666
3253	3666
951	2088
140	3907
652	3907
383	3907
297	2323
297	929
140	3326
3326	3327
3325	3326
575	3586
1330	3586
140	3586
1234	1356
1031	1356
3249	3278
140	3278
383	3278
383	3249
299	3249
140	3249
2061	2555
140	3544
3349	3544
3434	3544
967	986
984	986
985	986
219	3626
221	3626
72	3626
2323	2478
695	4082
3029	3069
243	3029
225	3029
225	3069
243	3069
92	3669
3567	3569
3568	3569
140	3569
864	876
1330	3652
566	3652
140	3652
2630	3391
3390	3391
140	3391
3385	3391
3385	3390
140	3385
512	2385
380	845
131	2952
3357	3378
140	3378
2630	3378
799	3325
2620	2633
621	2262
1643	3427
138	1905
887	1905
1892	1905
291	2983
39	93
39	342
39	56
1053	1705
391	2509
415	927
1306	3498
823	3498
1077	3498
466	2064
925	2064
466	930
503	2654
406	2589
233	2589
140	2589
127	2041
2584	2586
233	2586
2585	2586
217	1040
878	944
83	944
879	944
301	2268
2176	2980
1862	2176
197	2176
385	1780
449	1780
76	1780
751	3033
3244	3441
3244	3440
1971	2294
286	1695
751	2759
969	1009
971	1009
2215	3185
140	3785
102	3785
370	3785
1139	3785
781	3245
3264	3622
220	370
140	3924
140	3705
90	930
279	1849
1153	1849
515	1849
342	2417
114	2417
2417	2418
114	2418
342	2418
90	4086
264	4086
478	3497
145	3497
454	1186
652	781
638	781
781	3308
960	2860
543	833
833	1057
593	3665
1330	3665
140	3665
698	1166
698	1044
698	1233
930	2509
510	2335
588	2335
566	2335
140	3725
3724	3725
1016	3725
1016	3724
780	3348
1321	2369
114	2369
115	2369
225	3793
140	3793
3727	3793
3793	3970
2605	3793
2605	3970
2605	3727
143	1098
1228	1383
91	1383
76	1383
107	1383
851	2878
233	2638
1851	1899
1851	1929
458	2499
128	2480
866	908
874	908
83	908
219	591
430	3386
727	2123
1159	2123
604	2123
1435	3027
279	604
2122	2210
200	2122
2122	2176
95	931
83	931
898	931
739	2946
739	1129
653	1129
1129	2946
613	1129
1129	4027
140	3971
192	3971
383	3971
305	1082
543	1435
1435	2737
1435	2718
2056	2994
1169	3061
604	2149
1055	2149
686	2149
686	2200
95	3144
426	2774
79	439
102	439
2299	2324
2300	2324
114	2324
55	232
78	323
322	323
225	323
198	540
2476	3237
620	2090
368	2090
76	1705
172	1705
93	1705
5	1359
1824	3177
243	3086
1935	2115
563	2115
1076	2115
2316	2431
114	2431
267	2431
316	1693
106	1693
1139	1693
76	1693
915	1065
796	1065
423	1065
713	929
950	1228
3237	3859
1903	2927
156	2927
73	2927
75	2927
2294	2711
1668	2272
135	2728
1819	2878
1401	2878
312	1254
255	1254
423	1254
924	2932
1363	3027
198	2323
79	1926
533	1218
401	3390
426	3390
292	3390
377	685
184	3205
714	755
1028	2878
1443	2878
2878	2932
458	2878
1656	3060
458	2118
443	2118
2118	2637
2118	2753
81	2118
53	2118
109	2118
1099	1243
657	2594
1507	3926
123	2718
123	2111
123	2720
707	2056
930	1483
114	2359
342	2359
2294	2359
527	3949
927	2111
819	1233
2041	3696
1876	2041
2041	2686
901	1153
901	2529
1020	3356
834	1120
114	2403
2291	2403
2292	2403
5	1365
1546	1950
1950	2234
1517	1950
1410	1824
155	297
2001	2994
1316	3968
91	927
824	1553
188	718
232	718
458	718
718	1528
95	718
3352	3593
140	3593
3258	3593
114	894
623	731
1240	1502
402	621
353	3276
483	1361
2052	3491
2055	3491
939	3491
140	3828
1308	3828
383	3828
409	439
93	439
78	439
1069	2856
742	3100
2630	3329
3329	3434
140	3329
501	1174
137	2550
140	2491
2461	2462
2333	2461
114	2461
2333	2462
114	2462
2442	2462
630	3491
172	1413
893	1781
1	6
1	7
1	49
1	4
1	50
1309	3786
1303	1309
1309	1328
342	2386
1783	2386
114	2386
2323	2921
1180	2098
566	3859
1546	1708
1666	3219
140	1666
794	1666
903	1637
770	903
574	903
82	1954
2621	3051
2635	3051
2682	3051
235	4069
419	4069
286	4069
880	1803
3305	3689
140	3689
3689	3766
3431	3689
677	1370
56	1982
927	1552
1824	3168
471	1215
932	939
2056	2754
1817	2754
1584	2754
478	2754
1584	1824
443	1416
82	2228
82	2886
1484	2704
3118	3359
1227	1487
1179	1637
1227	4062
308	3316
442	3316
370	3316
11	74
12	74
45	878
939	2582
225	939
233	939
937	1837
2103	2323
362	878
1603	1941
694	3821
195	3821
458	3821
343	3821
1783	2452
279	2911
273	3497
823	3497
1139	3497
1817	3497
305	1108
694	2385
140	4039
3145	4039
467	4039
502	1066
423	1066
915	1066
1334	3645
2776	3645
9	316
339	2793
2792	2793
127	2793
594	2792
82	2856
128	2856
115	2856
140	976
172	763
673	1218
2001	3513
90	3100
1150	3021
1171	1993
1171	2071
1993	2071
939	1993
1993	2082
320	1993
195	238
78	238
238	239
238	240
732	1775
261	1917
1535	1854
910	4057
3269	3644
140	3269
3269	3823
627	1115
896	1743
349	479
1028	1569
1010	2621
1010	1320
3546	3567
2022	2040
455	2022
56	2022
82	2022
198	2022
1340	2022
644	2022
79	2070
3422	3588
2097	2098
1971	2098
53	2097
1971	2097
1964	2097
1964	1971
53	1964
452	918
670	1764
1031	1345
370	1345
851	1039
3547	3548
299	3548
299	3547
326	1820
555	1820
458	1820
1401	1820
1034	1303
880	2526
82	2606
114	2385
127	2385
93	3012
458	3012
386	3012
1443	3012
1927	2098
1470	2117
128	246
113	441
1161	3072
140	3190
1316	3190
241	3190
90	2759
2529	2922
166	1847
2189	2718
1547	2516
1547	2515
1459	1547
13	959
226	3742
226	2753
226	647
589	3046
3280	3295
3290	3295
3295	3693
9	82
9	81
9	56
9	1139
9	823
3251	3415
2630	3415
140	3415
279	3669
1836	2041
86	2900
82	2900
102	2900
1478	2554
707	1030
1517	2210
1357	2971
1357	2781
976	3376
835	1443
386	835
1089	2142
331	1089
83	927
74	927
529	1092
1122	1782
3309	3508
56	1952
1637	4079
1517	2176
1419	2972
543	2083
695	915
501	3483
745	1821
970	4046
971	4046
172	297
78	297
1396	3844
136	220
1384	1951
1544	3904
1459	3129
3195	4027
140	3745
3251	3745
3253	3745
1118	2111
3258	3372
652	3389
1528	2983
171	2983
55	904
331	590
590	1756
308	1416
1218	2367
426	2367
543	1218
2041	2718
1756	3696
3028	3696
118	330
109	330
330	2328
330	2323
114	2058
501	958
501	1443
233	2597
2570	2597
2596	2597
860	939
730	1202
277	2841
172	2526
286	2526
90	2256
458	2513
140	3810
3634	3810
3118	3810
383	3810
3118	3634
892	2913
232	2745
73	2911
647	939
76	1510
1510	1586
319	1510
3026	3218
635	1384
75	2555
93	2555
481	2555
2056	2555
1139	2555
1118	2856
326	1819
530	3288
106	2009
887	2009
56	2009
937	2009
219	353
873	1483
140	3995
1793	1802
290	1802
374	1028
951	1365
342	427
195	3497
75	3497
910	3497
1053	3497
3523	3791
53	2098
301	2098
870	2098
1053	2098
1817	2098
286	2098
409	2098
870	1053
870	1817
175	3439
331	589
393	1888
588	2966
2966	3058
470	757
241	3085
82	1792
73	2913
543	2913
2912	2913
1768	2913
360	1299
887	1299
123	3237
123	823
88	3914
447	928
864	1788
242	1817
1817	2782
652	3997
3025	3174
2629	3470
90	938
287	938
83	938
873	938
331	1756
2900	3174
416	2900
83	940
79	940
2746	3067
2096	2746
223	3100
223	1052
1063	3185
595	3185
165	4077
1586	4077
360	4077
123	145
1046	2524
1109	1596
1139	2792
875	2816
2082	2928
884	1872
55	172
1135	1493
1819	1847
887	2759
922	2724
2694	3091
3438	3906
140	3906
3370	3906
184	3438
476	1028
1927	3215
459	1877
4088	4089
237	4089
4089	4090
4087	4089
4087	4090
237	4087
4087	4088
237	4090
237	4088
4088	4090
1109	2818
851	2932
1028	2932
1443	2932
974	988
973	988
972	988
470	2073
160	1357
1326	3508
1328	3508
1176	1944
1185	1944
652	1944
1430	3699
187	3699
187	3209
2935	3842
287	2564
3124	3767
566	2751
960	2922
3245	3791
140	3611
393	3611
647	3611
3216	3611
305	3231
151	2782
647	2782
822	2782
279	1574
297	2469
1032	2469
297	1032
297	1060
1472	4027
1028	4081
741	2053
556	1329
444	3926
1028	3926
734	3926
273	3926
72	4038
1775	3370
1578	3103
1764	2509
563	2509
1098	2743
837	2728
851	1218
140	3668
3667	3668
3570	3668
3315	3668
3315	3667
295	656
2323	2550
554	2262
3380	3913
2706	3913
413	1352
675	1819
1175	1622
1	46
3447	4046
3296	4046
3303	3352
2090	2323
1182	2953
231	1602
1619	2296
566	1293
375	455
114	2350
128	2350
165	2024
56	2024
81	2024
112	2024
1224	2111
1107	2592
150	2847
570	960
155	1721
76	1721
186	1721
802	1721
195	4094
2029	2926
73	2926
2142	2926
149	2926
316	607
353	1990
1243	1976
2962	2976
1934	2976
171	2976
319	2976
1443	3140
76	1369
215	1369
146	1369
804	1369
552	1864
2141	2158
2158	2161
2157	2158
200	2141
200	2161
2157	2161
2141	2161
2141	2157
1470	3669
932	1847
509	1567
146	1567
772	1567
76	1567
1893	2088
4	74
4	878
4	50
4	49
4	910
449	2747
2607	3163
241	3163
2608	3163
292	3163
1311	2776
200	2196
200	2193
200	2194
200	2195
2195	2196
2194	2196
2193	2196
2194	2195
2193	2194
2193	2195
546	3482
546	1326
1175	2856
518	3058
2079	2785
939	2785
2051	2785
2058	2785
823	1037
423	1037
1026	1037
603	1037
1393	2268
1588	2757
115	2368
2554	2953
695	4083
228	1661
76	1661
1499	1661
215	1661
937	1674
273	1404
1078	1198
1371	1860
78	363
232	2841
277	2739
2724	2739
378	2739
2738	2739
2724	2738
277	2738
378	2738
184	629
930	2064
2064	2515
1459	2064
3581	3942
3872	3942
3548	3942
140	3872
140	3548
3581	3872
3548	3872
3548	3581
1161	3981
5	3027
5	2737
127	2010
86	100
99	100
54	100
100	102
2001	2965
443	2274
240	1851
423	1218
915	1218
1334	2217
2591	2747
379	2747
1338	2747
1338	2916
2591	2916
379	2916
1835	1983
140	4022
736	4022
438	4022
735	4022
477	3174
54	153
1122	1547
2475	2553
241	3198
292	3198
1198	3198
3196	3198
3289	3803
2320	2425
949	2501
343	1041
2630	3422
958	1611
290	1795
1789	1795
1139	1795
301	1795
873	930
147	2792
184	1325
2572	2636
233	2636
449	627
458	2932
3345	4046
969	4046
989	4046
140	4046
419	530
415	905
415	1960
415	2189
1727	4093
550	1727
550	4093
239	254
567	1476
1375	2981
1775	2623
458	2623
150	286
1068	2495
1068	2981
2570	3318
2615	3572
2588	3572
140	3572
3572	3966
331	1821
140	3501
140	3500
140	3503
140	3502
3500	3503
3500	3502
3500	3501
3502	3503
3501	3503
3501	3502
574	4079
734	2921
1202	1352
1202	2350
3295	3756
3267	3756
140	3756
3251	3756
53	1713
2666	2694
3209	3699
575	3699
803	821
1802	2486
893	1802
1802	2473
286	1802
2088	2559
868	878
1739	1741
76	1741
1740	1741
1591	1741
76	1591
1591	1740
1591	1739
76	1740
76	1739
1739	1740
3743	3999
1365	2749
764	1048
321	1028
321	686
321	1169
321	2564
27	2720
203	580
72	3533
1363	2718
56	288
2125	2190
107	2125
662	2125
662	2176
1161	1221
499	763
188	763
579	763
524	763
735	3333
2569	3333
78	196
286	2719
2719	2725
378	2719
2719	2724
378	2725
2724	2725
286	2725
1139	1952
87	2031
350	1993
350	1971
350	1891
1302	2592
3361	3766
694	2860
1308	3776
991	3996
215	1712
146	1712
76	1712
804	1712
2263	3645
255	3645
140	3645
416	3645
1453	1824
1453	2593
128	2117
53	2117
824	2117
90	1585
187	2856
1419	2057
615	950
437	458
75	1526
555	1129
2781	2782
1645	2781
2780	2781
242	2781
242	1645
1645	2780
1645	2782
242	2780
2780	2782
802	927
1108	1898
1139	1898
215	1769
76	1769
1769	1770
804	1769
867	1171
971	1014
967	1014
969	1014
1010	1014
673	3100
593	3646
140	3646
592	3646
180	3646
370	3173
2052	4095
939	4095
4094	4095
239	4095
939	4094
239	4094
2052	4094
869	2071
1320	3447
413	1351
1028	2429
56	2018
988	3349
2625	4013
593	4013
3581	4013
140	4013
593	3581
140	3581
2625	3581
217	652
375	652
82	2817
82	570
1470	2817
82	2860
438	1231
2575	3776
1880	3776
3666	3945
140	3666
3666	3944
3666	3946
3944	3946
140	3946
3945	3946
140	3945
3944	3945
140	3944
1485	2781
3289	3368
3367	3368
3368	3766
140	3368
1300	2022
504	2022
375	2022
373	2022
498	609
543	609
188	609
497	609
243	3095
3094	3095
3095	3096
3095	3097
3096	3097
3094	3097
243	3097
3094	3096
243	3094
243	3096
2010	2199
2199	2856
1484	2199
2199	2941
1484	2010
1484	2941
2010	2941
2010	2856
2856	2941
1484	2856
923	1484
1422	2856
1061	1422
660	744
2474	2506
228	1848
1835	1848
488	1848
326	1848
225	3669
2215	3669
140	3669
427	3742
427	3743
427	2753
427	3604
504	831
566	831
653	831
188	831
291	2773
147	2275
2662	2663
2263	2662
233	2662
735	2662
3530	3541
140	3541
3541	3542
3244	3541
3609	3901
3608	3901
3223	3901
140	3901
314	3901
1293	3174
2666	3947
2667	3947
811	1138
342	811
465	811
1430	3145
555	1764
465	1222
1639	3020
1756	2142
343	909
3071	3238
3070	3238
593	3483
383	3483
772	3483
140	3483
749	3483
172	617
136	617
188	617
3367	3408
3258	3367
2638	3825
438	2638
2638	3724
140	2638
140	3825
3724	3825
438	3825
837	2010
544	2010
544	2728
140	3956
2685	3956
736	3956
2269	3956
715	2731
123	144
123	1028
54	123
86	123
106	123
123	301
123	887
123	273
3061	3143
892	3061
225	1670
876	2117
929	2117
90	2117
271	2117
894	2117
420	2117
383	3782
652	3782
653	3782
140	3782
315	3194
241	3194
416	3194
2573	3194
76	1718
539	1718
136	1718
473	1718
383	3840
3840	3977
140	3840
3470	3840
383	3977
140	3977
3470	3977
1765	2886
2619	3077
1846	2742
1233	1716
1026	1716
383	3470
904	2816
958	1538
1538	3705
198	484
1217	1768
2630	3554
2630	3551
764	2148
375	1300
373	1300
504	1300
2300	2354
3118	3560
446	3560
3560	3561
140	3560
9	1330
9	3334
9	2630
1139	1596
106	1596
282	1028
282	2091
282	1046
282	2090
1	45
1	53
1	54
1	55
1	56
2718	3981
186	3020
229	3020
319	2748
1707	2111
2630	3582
3582	3584
140	3582
3582	3583
3583	3584
2630	3584
2612	3732
3731	3732
3362	3732
140	3732
2320	2405
114	2405
2405	2407
2405	2406
2320	2406
2320	2407
114	2407
2406	2407
1519	2510
932	3129
416	932
339	2794
381	1338
342	2282
2282	2303
1783	2282
114	2282
155	1521
493	3166
379	3166
455	3166
659	3024
244	3024
461	3024
3024	3025
140	3719
3719	3720
3719	3722
3719	3721
140	3720
3720	3721
3720	3722
140	3722
3721	3722
391	2728
391	3027
391	3129
140	3532
383	3532
3246	3532
3245	3532
1392	2263
1392	3144
370	1952
1171	2766
373	823
1005	2630
852	4041
2708	4041
140	4041
336	4041
2951	2961
219	3427
679	3427
568	3723
335	3723
505	3723
2436	2437
342	2437
114	2437
2383	2437
443	3168
241	3168
213	3168
292	3168
3913	4057
548	2613
548	3197
548	2577
90	758
219	679
805	2398
1327	3947
1327	2630
1327	3583
2630	3583
140	3583
3583	3947
2630	3947
140	3947
3209	3676
383	3676
140	3676
1159	3676
2790	2792
1541	2792
127	2792
339	2792
1422	3311
213	2623
2215	3148
3148	3215
3148	4025
836	3148
375	504
1817	1839
1839	1840
326	1839
487	1839
3333	3920
443	1118
1118	4060
1233	4060
273	4060
1139	4060
2134	2136
200	2136
2135	2136
1517	2136
1517	2135
200	2135
2134	2135
200	2134
1517	2134
140	3550
3550	3552
3550	3551
3466	3550
1183	1756
3253	3563
140	3563
3563	3982
3563	3596
709	2510
3302	3466
2630	3466
3261	3466
531	1625
537	1625
513	1625
76	1625
76	806
188	806
155	806
215	806
2323	3848
1603	2071
380	2592
1185	3206
416	3206
241	3206
292	3206
586	3116
241	3116
2160	3116
225	3116
90	1259
910	1259
107	1259
920	1259
973	1002
974	1002
967	1002
972	1002
492	1571
76	1571
1571	1728
136	1571
217	375
1793	1913
711	3120
1783	2458
820	4078
1371	4078
959	1783
887	1535
2491	2501
828	2501
286	2501
1734	2501
2290	2438
2291	2438
114	2438
2305	2438
2290	2305
2291	2305
114	2305
2292	2305
114	2291
2291	2292
2290	2291
3440	3441
478	1584
734	1584
1076	1596
114	2263
1216	4086
448	4086
156	2914
246	2914
2816	2914
73	2914
188	679
292	679
551	679
516	679
233	2658
398	2658
225	2658
241	2658
1196	1817
140	3940
140	3939
140	3938
593	3940
3938	3940
3939	3940
593	3938
593	3939
3938	3939
200	2210
200	2125
200	2188
2125	2188
2125	2176
2125	2210
2176	2188
2176	2210
2188	2210
530	1442
2254	3208
2251	3208
2250	3208
243	3099
823	3099
3099	3100
477	3099
235	1345
1345	1346
1345	1347
413	1345
413	1347
1346	1347
235	1347
413	1346
235	1346
1471	2782
2781	2954
1884	2781
2750	2781
324	2781
3372	3811
140	3372
3372	3514
3290	3372
2856	3792
81	1259
112	1259
1139	1259
56	1259
254	928
773	3630
438	3630
140	3630
2630	3630
53	2107
226	1059
226	2950
93	2950
227	2950
1320	3882
3767	3882
140	3882
3109	3882
102	1535
114	1535
481	1700
76	1700
449	1700
780	1700
331	2832
331	1997
151	1393
794	4068
118	2385
224	2385
1670	2655
2288	3139
286	422
3361	3492
3258	3492
140	3492
3492	3580
346	427
83	427
78	427
1482	1587
76	1587
513	1587
1523	1587
1482	1523
513	1482
537	1482
76	1482
513	1523
531	1523
1523	1746
76	1523
537	1523
388	501
501	1165
501	863
273	501
528	1151
567	851
550	567
567	606
564	567
188	567
232	567
575	3893
140	3893
1330	3893
3892	3893
140	3892
1330	3892
575	3892
2920	2979
2931	2979
171	2979
195	2979
288	458
288	343
243	3074
1665	2512
9	184
9	416
9	3844
9	1672
9	273
76	1655
713	1883
1997	2915
225	3221
255	3221
140	3221
241	3221
1320	2745
2612	2745
2648	2745
2568	2745
617	1667
354	617
617	652
299	617
175	3489
2110	2953
692	2110
466	2564
1546	2609
458	894
472	1585
506	2091
76	1640
76	1703
478	1703
562	1703
136	1703
915	4076
3234	3235
241	3235
75	217
217	934
3223	3609
2148	2190
1168	2490
168	2490
286	2490
2490	2491
2630	3434
673	1996
578	1670
1419	2992
1917	2081
1945	2081
360	2081
1917	1945
1458	1983
2680	3508
2860	3243
241	3185
353	3185
140	3185
2572	3185
76	1746
537	1746
531	1746
1527	1746
292	3020
175	3020
241	3020
588	3020
918	1171
95	909
114	1874
326	1874
959	1874
1381	1874
215	1590
76	1590
143	1590
357	1590
2064	2554
2063	2554
353	2064
353	2063
1547	2063
1547	2064
2011	2430
2090	2430
114	2090
114	2011
1499	2323
1947	2898
118	2898
109	2898
959	2898
1953	2898
2933	2941
241	3071
668	1215
441	1840
481	1840
136	1840
1817	1840
326	1840
487	1840
708	1230
423	1230
1230	1231
1031	1230
1042	2190
557	1695
1695	2656
479	1203
371	1316
2702	4034
906	2684
368	957
957	958
83	957
277	957
2651	3843
413	1355
90	413
413	1354
78	413
596	2470
2941	2965
2006	2014
875	2014
1936	2014
1645	1646
680	1646
76	1646
1646	1647
1645	1647
2290	2410
2410	2411
2292	2410
114	2410
2292	2411
114	2292
2290	2292
114	2411
2290	2411
114	2290
409	1936
794	2605
2630	3833
3356	3833
140	3833
438	3833
2629	3323
681	2922
556	2922
3309	3542
140	3542
3244	3542
3530	3542
724	3239
416	3239
3238	3239
241	3239
416	3238
724	3238
241	3238
225	3238
2713	2730
413	1342
1342	1356
370	1342
1342	1349
370	1356
413	1356
1349	1356
370	1349
413	1349
576	1167
624	1167
1656	1707
669	2793
1041	3848
90	3848
1202	3848
1738	2669
225	2634
353	2634
233	2634
2634	2635
502	2088
1403	1404
186	1404
203	3728
1422	1484
1517	1626
1054	2088
551	3348
378	2746
841	842
171	841
188	841
564	841
742	2800
751	2800
560	2800
543	2800
551	756
3513	3791
383	3789
438	3789
140	3789
2630	3789
78	317
318	1860
318	1858
318	1429
318	1428
968	970
968	969
967	968
968	971
1252	2986
454	2986
2550	2986
308	2986
875	2070
288	886
288	2457
286	2457
185	2457
886	2457
185	886
286	886
185	288
286	288
78	288
920	1909
1308	3984
575	3984
140	3984
505	3984
391	2088
3367	3766
887	1908
267	2427
1783	2427
114	2427
2424	2427
1783	2424
1033	2595
1033	1034
1606	2753
707	1606
647	1606
443	1606
1762	3171
1103	3354
360	1908
80	1391
914	1041
2779	2954
2776	2996
122	2063
2063	2064
939	2063
2058	2063
939	2064
122	2064
2058	2064
3514	3671
373	504
373	585
373	423
423	1034
370	1500
1028	1500
76	1500
215	1500
228	1500
1499	1500
734	1569
3245	3264
200	2167
2167	2200
2149	2167
2157	2167
2149	2200
200	2149
2149	2157
200	2200
2157	2200
200	2157
2630	3667
3473	3667
3570	3667
140	3667
1138	1603
1603	2303
528	1678
1243	1939
241	3201
804	3201
2573	3201
336	3201
523	2860
2817	2860
146	2860
342	2860
128	2860
1117	2860
1202	2860
146	2817
308	1117
2691	3936
3934	3936
3935	3936
140	3936
3934	3935
2691	3934
140	3934
140	3935
2691	3935
2408	2743
195	2860
380	2860
134	2860
308	2860
3421	3424
3422	3424
140	3424
3423	3424
140	3422
3421	3422
3422	3423
3421	3423
3421	3528
140	3421
3421	3800
872	2530
378	2530
172	2530
1202	2530
768	1707
566	1991
1991	3792
551	1991
960	1486
1316	2740
989	3345
808	1569
1569	2956
1324	3594
229	3594
3258	3868
3290	3868
3525	3868
140	3868
929	1594
2630	3996
140	3996
127	3996
985	3996
3434	3996
984	3996
140	3434
3349	3434
984	3434
985	3434
991	3434
985	3349
991	3349
370	932
613	932
195	932
83	932
3066	3085
3065	3085
243	3085
724	3085
3458	3459
140	3458
3457	3458
3458	3460
3457	3459
140	3457
3457	3460
934	2961
2322	2406
2401	2406
114	2406
2308	2406
140	3445
3418	3445
3267	3445
3400	3445
566	863
3323	3471
3323	3470
3323	3472
140	3470
140	3472
140	3471
3470	3472
3470	3471
3471	3472
1077	2631
2631	2703
1252	2263
2263	2550
82	242
242	289
114	242
78	242
581	1554
1572	1599
1552	2542
75	2542
89	2542
172	2542
1153	2542
244	2542
155	2542
3875	3877
140	3875
3875	3876
3251	3875
3876	3877
3251	3876
140	3876
3423	3528
2630	3423
3423	3800
140	3423
3259	3887
2630	3887
3279	3887
140	3887
948	2603
95	1982
951	1982
169	1982
155	1982
297	1145
297	2468
297	939
76	1687
802	1687
686	1687
136	1687
878	3172
2972	3776
343	3705
1471	2919
2919	2960
1112	3844
543	834
114	2315
2308	2315
2298	2315
2315	2316
121	1993
114	1900
870	1900
165	1900
138	1900
1443	3924
3705	3924
458	3924
958	3924
1443	3705
458	3705
958	3705
441	3705
82	1962
391	2776
1018	3199
140	3199
586	3199
225	3199
241	3199
820	1613
1129	2510
675	1129
265	1129
423	1129
155	1129
1129	1443
1443	1519
602	1129
1129	1205
572	1129
1129	1519
1205	1519
602	1519
572	1205
528	1759
1326	1759
1759	3482
381	1253
340	3491
578	659
578	677
578	633
1819	2654
113	2041
113	2042
56	2042
128	2042
2041	2042
140	3729
3729	3773
3465	3729
3309	3729
386	3015
339	1831
1674	2215
166	2921
144	2921
685	2921
686	2921
233	2691
140	2691
416	2691
2691	2692
1216	3208
1927	3981
1078	2103
915	2103
2088	2103
1053	2103
402	2103
720	3215
1372	1373
1183	1372
215	1372
76	1570
520	1570
452	1570
1569	1570
522	958
2059	2060
915	2059
122	2059
1158	2059
554	3032
450	731
516	2040
383	3546
3546	3952
3453	3546
140	3546
3295	3356
385	4057
3692	3860
140	3860
3765	3860
2630	3860
3302	3860
1207	2922
2594	2922
520	1688
11	12
11	13
10	11
1	11
10	13
10	12
1	10
1	13
12	13
1	12
286	1373
345	1149
215	1149
423	1149
151	3688
151	2615
151	2630
730	1442
2303	2373
296	2373
114	2373
342	2373
1111	3117
939	1384
851	1554
452	1554
756	1409
3285	3514
3285	3289
140	3285
3285	3367
140	3367
3289	3367
3367	3514
53	1606
945	3028
1819	4027
526	1819
2790	2975
1879	2790
2570	2596
423	1039
155	1039
89	1039
920	1039
1039	1196
1023	1024
56	1023
363	1023
115	1023
56	1024
56	363
115	363
363	1024
115	1024
3258	3432
3431	3432
3430	3432
140	3432
46	1359
223	796
1748	2640
3258	3431
3431	3766
3430	3431
140	3431
348	798
348	530
3609	3713
3608	3609
3609	3610
1330	3609
140	3609
1697	2512
1438	2512
618	780
174	1975
73	2920
2920	2921
2920	2922
1026	3959
1152	3959
1163	3959
313	3959
3733	3774
3344	3733
3267	3733
140	3733
3251	3733
244	3005
474	694
3465	3773
1607	2582
2630	3489
2630	3390
383	3375
3109	3375
654	3375
140	3375
1296	2977
533	1296
3994	3995
3215	3995
821	1572
93	110
54	110
110	155
74	110
246	2816
876	1041
581	1376
727	1376
851	1376
657	1376
76	1376
528	1376
2298	2360
2295	2360
114	2360
267	2360
55	1976
53	55
55	2047
55	156
54	55
55	56
1443	3188
537	1755
1754	1755
513	1755
76	1755
513	1754
537	1754
76	1754
994	3440
994	3356
131	2088
1151	1565
354	3223
127	1643
149	169
485	1573
531	1573
873	2058
2091	3028
2628	3491
3226	3491
1477	1542
960	1542
194	1542
76	1542
716	1542
492	1542
478	1614
76	1614
480	1614
556	1614
3266	3577
140	3577
354	3577
3577	3578
140	3578
3266	3578
354	3578
354	3266
1441	2997
331	1118
1443	1655
1655	2511
1297	1655
1442	1655
1851	2953
851	1851
1307	1484
1149	1325
1149	1236
582	1149
1236	1325
458	3102
89	1759
46	1759
1046	2263
1966	3599
516	1158
3389	3963
3523	3963
593	3963
140	3963
3389	3523
140	3389
593	3389
140	3523
593	3523
3245	3523
335	3523
240	1192
1094	1192
240	297
297	1909
297	2470
297	1094
75	2923
149	2923
73	2923
156	2923
897	1763
454	1763
1170	1763
3384	3580
3361	3384
3352	3384
140	3384
140	3361
3258	3361
3352	3361
3361	3580
3258	3352
3258	3580
3352	3580
140	3580
140	3352
226	2046
226	2763
691	861
487	1975
490	1975
195	1975
277	3015
342	2054
122	2054
385	2054
874	2054
106	272
534	851
533	534
132	745
521	3039
416	3224
2579	3224
292	3224
241	3224
582	1329
681	1329
234	1329
136	1329
1199	3152
301	1864
1122	1864
440	1864
138	1908
56	1908
102	1908
82	1908
1033	1207
423	1033
851	1033
444	1033
510	1218
704	1218
478	1218
1218	1824
796	1218
913	1218
426	1218
402	1893
2211	3215
758	2501
730	2501
107	1680
76	1680
316	1680
604	1680
1150	1202
342	2458
225	3149
406	3149
2160	3149
241	3149
618	1817
618	1139
441	618
516	618
188	618
481	618
1207	1308
136	1416
140	1416
76	1416
106	1416
233	2672
2672	2674
2672	2673
2671	2672
233	2674
2671	2674
225	2674
2673	2674
2671	2673
233	2673
225	2673
479	2430
1607	2430
543	3696
3092	3135
1320	3092
383	3092
1000	3670
174	2385
632	2385
1370	1371
76	1370
326	1370
659	1370
820	1470
519	1593
678	1593
76	1593
1042	1593
444	1593
1297	4007
545	757
543	757
497	757
188	757
454	845
454	3100
3183	3381
3263	3323
861	1294
314	4059
1546	2600
84	1403
386	1498
1443	1498
505	634
499	634
504	634
188	634
1026	1515
3461	3773
3309	3773
3296	3773
437	2953
437	1038
437	694
195	437
140	3877
3251	3877
3313	3877
3253	3877
1422	3518
525	799
799	1771
799	1137
3290	3803
3671	3803
140	3803
3258	3803
2468	2756
2468	2740
880	948
531	1676
1429	1676
76	1676
537	1676
160	1153
106	3464
340	3464
180	3464
140	3464
140	3408
3260	3408
3259	3408
3258	3408
2516	2969
2515	2969
343	2969
780	1547
513	1569
377	940
875	894
960	2184
581	1532
353	1532
1443	1538
901	904
1743	1777
868	869
866	868
83	868
867	868
1568	1976
1976	2328
1139	1772
915	1186
604	1186
766	1186
423	1186
76	1502
984	3349
511	1639
524	1639
147	1812
101	1812
102	1812
362	1812
54	126
78	422
75	422
149	422
402	422
156	422
342	2790
147	2790
147	2787
2288	2787
2288	2789
2568	3362
3362	3731
140	3362
2612	3362
525	2790
1337	2790
1130	3150
744	3065
1052	1749
271	894
1094	2470
2084	2470
1909	2470
240	2470
1927	2470
1817	2470
913	2470
79	1158
984	988
988	991
985	988
967	988
659	4007
143	1243
882	1243
93	1243
240	1243
1243	1914
1243	1756
1243	1899
1756	1914
2714	2929
2299	2310
2299	2309
1086	1227
423	1227
915	1227
382	1227
1028	1227
188	795
458	795
795	2056
481	795
668	795
531	1727
416	1727
537	1727
76	1727
592	1727
2612	3731
2568	3731
140	3731
416	3731
635	4063
635	1101
200	2148
85	2148
84	2148
119	2148
80	2148
299	3777
3777	3778
140	3778
299	3778
3157	3778
736	3778
140	3777
2269	3777
364	3777
736	3777
305	1210
83	935
935	936
165	935
97	935
681	1149
76	1677
513	1677
820	1677
531	1677
1695	2737
543	1695
922	2857
396	726
3314	3315
3315	3316
3316	3570
348	478
537	1629
155	2997
90	2997
929	2997
878	2997
798	1483
3138	3234
1429	1613
531	1613
416	1613
76	1613
136	1613
1111	3385
573	3385
444	3385
452	3385
1421	2915
887	2915
1484	3133
1484	3174
1484	2669
1484	2650
443	1484
309	3026
829	3107
2679	4038
314	4038
292	4038
140	4038
2697	3058
586	3058
243	3058
243	3057
875	1834
353	3229
241	3229
3147	3229
592	3229
286	4076
1164	2596
2596	3844
596	2596
560	2596
136	2596
3345	3650
267	2082
3350	3447
140	3543
3157	3543
2572	3543
568	3543
1025	1146
1663	2701
1663	2664
695	1470
1560	3060
177	178
178	232
155	178
78	178
467	482
408	419
252	419
784	1330
3465	3814
140	3814
3309	3814
3244	3814
893	1131
1917	2480
1917	2730
286	1917
1202	1917
1917	1946
1916	1917
360	1917
425	1917
138	1917
102	1917
140	4053
3295	4053
3466	4053
3552	4053
1051	2744
562	2744
884	2744
93	2744
1783	2322
893	2915
225	2582
292	2582
416	2582
233	2582
1054	1459
1203	1459
1381	1877
770	794
1864	2517
1824	2517
2517	2971
195	2517
343	2517
458	2517
2516	2517
306	2517
1864	2971
682	1316
329	1657
329	2604
2501	3508
2501	2630
2630	3508
1028	2107
382	2107
458	1498
377	880
2947	4057
96	150
290	1783
2041	2763
1552	2763
705	3776
833	1573
1877	1883
1708	1877
1160	3128
520	1537
802	1537
108	1835
108	286
673	1650
492	876
1028	1249
1082	4068
419	533
73	2057
1421	1670
338	3108
550	2267
791	939
13	128
94	102
54	94
82	94
94	109
56	94
1911	2951
362	1809
362	1808
362	1807
101	1807
101	1808
101	1809
1808	1809
1807	1808
928	1889
1906	2337
946	2211
815	3791
391	707
391	2253
218	427
426	427
221	427
427	805
1588	4067
646	1084
646	2550
646	647
353	646
188	646
624	646
1031	1231
708	1231
712	3187
574	3187
878	958
458	4021
878	1747
271	1622
1246	1622
271	1246
1051	1117
1830	1881
186	1391
114	2419
79	2419
2328	2419
2323	2419
1504	2419
960	2419
929	2419
1389	2419
116	2136
937	2136
676	2136
1371	2136
852	1514
396	2718
396	1507
145	396
396	2715
1100	1211
423	1100
915	1100
603	1100
1100	3187
823	1100
443	2256
547	2731
860	2731
1182	1478
1182	2144
620	1182
1713	3054
1149	2218
753	1198
1856	1878
326	1878
457	1878
95	1878
343	1878