56	166
78	166
127	519
76	166
74	174
174	175
127	925
78	102
180	444
175	2633
174	241
241	1000
46	1330
175	364
345	446
127	313
140	3846
165	255
588	612
74	936
140	3975
140	3538
355	925
140	3858
27	478
102	3237
398	520
225	443
102	140
165	499
140	3467
292	2607
140	3989
140	3243
140	3660
340	796
364	652
367	614
367	2276
140	3919
140	3414
140	3405
106	398
78	234
642	1373
549	614
586	723
140	340
234	458
76	144
146	228
281	383
76	1555
213	364
225	229
188	614
46	114
168	188
140	3554
243	2689
79	255
140	2567
233	367
140	845
383	590
255	723
140	3893
140	4009
127	3657
74	177
180	2606
136	1704
78	347
140	3897
146	265
469	575
168	398
111	114
78	143
346	734
78	462
78	416
1198	1478
444	469
114	175
78	224
446	586
140	4003
241	3170
458	3107
74	559
188	737
685	948
146	345
443	652
443	549
78	220
444	3669
140	3588
166	192
78	218
146	234
299	467
383	3704
520	1569
241	3122
312	519
566	2692
76	1635
458	2501
446	520
136	1299
127	1018
140	3790
345	2619
676	1307
241	1305
444	3177
76	631
315	561
74	260
140	367
353	2648
172	228
172	241
233	2686
140	1759
353	614
520	595
76	169
255	2602
140	3814
140	4050
76	1579
56	1077
478	3535
140	3512
106	853
76	1633
734	2160
76	1435
566	3098
281	681
225	1319
136	833
5	416
241	347
140	3840
520	549
140	3236
188	511
723	3468
74	1555
586	2667
549	772
175	2591
111	3133
127	342
281	562
140	2638
228	1381
336	4041
73	686
76	1382
140	2697
78	230
225	772
443	613
140	4055
127	1443
76	1480
175	2269
166	562
346	672
76	1764
188	740
136	1551
140	3114
106	164
140	3615
443	948
106	1071
140	1071
423	675
141	370
796	3075
353	1159
111	399
241	3107
353	3288
76	86
127	1643
592	3865
146	180
243	3104
78	245
140	2679
355	672
592	3646
140	3421
586	948
140	3416
106	804
613	1176
76	1252
78	171
74	1176
76	1625
164	301
140	995
140	2583
140	3605
74	1765
681	1149
1478	2651
111	1478
444	1305
192	1289
652	1606
584	588
76	1738
370	1126
586	1555
228	681
383	3050
140	3454
520	2294
416	650
73	74
73	215
140	4031
56	461
56	174
76	661
140	3460
140	3765
78	304
444	1334
504	739
336	836
106	151
299	622
370	681
140	546
364	645
146	749
416	2653
335	3616
46	823
292	1305
346	520
383	520
383	499
499	3325
353	674
78	244
470	778
76	1711
458	1596
241	3128
76	1717
146	186
383	3369
652	3899
652	654
79	292
241	2669
233	2591
73	188
106	652
78	282
499	1315
175	818
315	685
78	461
76	1498
140	3926
106	1553
180	443
383	3561
234	734
255	3966
188	549
74	326
140	3676
76	1431
140	3262
241	2632
106	2263
140	3626
383	2696
76	1501
444	2610
74	192
74	1821
165	2592
81	2592
438	592
53	81
56	126
195	3565
140	3340
723	1164
76	1746
76	1523
416	562
383	3435
299	525
645	3999
575	2666
446	2705
586	3310
136	465
72	2591
458	565
233	455
78	208
520	568
46	2753
134	3161
56	2030
243	446
146	370
293	443
443	1185
165	1108
127	4062
400	458
586	622
2263	2278
370	3394
166	2218
76	1394
299	3215
76	1670
140	3185
652	2706
76	1539
383	1055
353	1055
234	685
575	2608
241	1678
229	470
136	2264
243	2609
225	2655
140	3204
2619	2635
146	2272
292	3481
233	2565
76	1558
168	315
76	642
438	3976
299	1076
136	670
233	2643
140	2218
140	144
140	3749
143	146
446	1559
446	3237
446	549
360	1307
140	3662
106	3143
146	355
438	478
478	1164
241	478
592	1103
76	1658
76	1715
416	3210
907	2045
416	3217
140	3907
233	1298
56	91
241	3240
140	4051
188	814
700	772
140	3391
200	2160
175	345
76	1306
140	3368
76	1512
520	758
164	168
234	542
140	1018
74	380
11	74
213	504
446	568
192	1308
147	165
76	221
146	3438
74	381
243	796
146	1396
76	1531
76	653
78	327
353	692
54	134
78	428
749	1330
27	1927
604	1076
265	852
140	1115
416	3517
76	1755
241	2602
140	3712
140	3419
76	1366
241	572
228	723
140	3354
76	1590
293	1161
251	499
111	801
140	3803
146	688
140	3559
667	734
370	3137
140	3994
458	925
106	865
1602	3107
81	115
213	672
175	925
140	3772
568	4021
499	4027
9	416
458	890
823	1667
575	2655
2272	2278
652	2643
175	1338
225	2656
233	347
76	1363
74	106
106	291
54	106
233	1313
165	2024
316	672
79	243
140	3411
373	423
140	3580
345	667
133	234
56	1024
355	406
355	525
75	734
177	241
78	383
188	558
140	542
243	462
111	3184
164	313
292	2650
652	3379
241	3139
136	336
470	2144
229	584
140	3398
493	586
88	146
140	3832
425	723
355	2507
685	1245
106	108
146	1564
313	596
74	651
423	1033
21	78
520	1596
313	1076
241	313
140	836
140	691
76	792
243	3103
151	3688
56	2037
228	572
56	1966
146	525
469	525
140	3962
107	1055
416	1135
353	2398
314	3126
188	768
76	229
76	425
56	1988
315	2683
136	818
592	3744
308	575
299	2610
563	2572
734	3844
772	773
370	3786
525	2610
228	565
228	230
292	438
151	734
76	665
336	1076
1076	2603
519	1765
140	2614
80	925
175	3045
136	1524
526	1602
581	614
455	458
416	1555
165	416
255	340
56	2023
213	1396
241	677
265	3848
74	291
186	455
652	794
308	364
165	517
281	301
423	612
140	2574
520	3881
335	614
241	370
215	595
801	2215
106	1040
581	2160
175	2160
140	3668
76	1446
56	1936
54	135
734	3128
526	3915
588	3915
78	164
78	82
3202	3219
74	293
823	3669
140	3620
241	1458
1458	2276
111	3144
192	549
499	1478
336	1396
180	1788
54	114
736	2655
487	772
749	3483
234	1331
243	681
240	652
1316	2632
73	1466
469	3075
140	3946
566	589
151	3174
458	2398
93	2642
93	652
520	2943
56	1983
76	1705
501	588
404	504
592	3133
1308	3776
565	1314
136	1595
241	672
241	423
424	734
467	2272
140	467
526	1164
174	462
165	1615
568	737
134	526
416	3162
650	797
228	490
228	714
685	1169
76	1730
233	2631
140	3167
76	875
370	2934
354	470
255	3381
772	1313
2234	2606
549	2278
76	1410
292	2566
562	1311
563	653
299	653
140	653
1245	3315
715	1076
243	2577
136	287
76	131
72	398
180	398
78	238
1185	2669
1185	2613
127	1139
136	1775
140	1619
140	3254
106	481
734	1420
255	3755
335	1085
1555	3310
184	504
140	3331
76	599
73	1552
56	1987
292	535
78	452
166	172
520	3064
383	852
241	555
1307	1308
188	723
233	2630
136	807
3245	3776
265	762
74	2001
335	3768
508	1645
82	151
56	112
575	2045
347	416
347	1320
140	3976
230	734
470	477
2635	3098
314	1508
255	3323
225	3334
56	1340
281	1767
255	2619
75	562
74	218
72	224
127	3036
265	1174
292	1314
140	3878
188	221
73	279
925	1765
335	2078
76	743
220	370
241	3202
215	3050
592	1458
794	1458
353	1135
613	3039
134	355
504	612
292	2648
74	1414
566	1592
549	3031
353	595
136	604
213	458
315	2601
140	3301
423	1035
134	2601
78	438
406	736
1028	3906
188	522
1387	1481
525	3268
233	2651
188	489
383	2625
140	4014
46	1817
458	769
889	1076
136	529
592	638
398	1672
2640	2671
2215	3237
642	3237
336	3325
458	508
76	879
292	2965
140	796
74	452
76	503
595	2650
224	314
155	3913
1298	1326
314	3481
370	2790
383	639
652	1315
1315	2619
525	685
458	518
188	699
56	1952
313	3147
622	3098
140	3903
140	370
588	771
76	1638
444	3161
444	566
566	1597
448	681
353	749
241	1055
76	1689
53	378
192	1842
871	1478
444	588
281	388
346	851
473	1298
106	330
127	878
360	423
815	3161
860	1076
111	499
478	484
652	2566
54	89
400	680
400	565
565	852
136	783
345	615
241	3045
499	1203
136	535
2640	3308
56	468
56	948
1289	1320
240	925
364	510
592	3175
188	805
458	2782
225	499
652	1552
292	2160
588	2966
140	4015
336	3241
355	3070
140	3746
140	4020
444	2703
234	280
280	425
140	3307
336	1563
140	3651
319	3215
662	676
299	3145
478	658
458	576
54	132
391	613
478	1362
292	3125
423	1246
151	700
326	572
355	566
416	3918
140	4049
140	3547
140	3548
164	233
102	164
175	180
499	800
385	520
134	4017
188	592
537	592
188	225
56	1180
2630	3845
241	3075
76	1532
78	285
74	115
136	1221
56	2033
613	1198
613	2577
233	613
314	477
241	3187
265	585
526	1320
519	2580
355	3334
2571	2572
241	424
5	1725
140	265
400	785
2566	2572
526	2572
3513	3792
299	2706
504	2699
383	563
563	2272
233	2648
652	2648
203	444
446	794
72	2567
90	782
186	652
458	1347
78	422
383	1310
416	677
681	1388
9	81
127	3943
499	566
416	2686
54	77
446	543
241	3152
140	3895
2568	3959
175	622
292	570
72	307
557	2640
1177	1320
175	694
229	589
1139	3981
76	1461
681	3143
2568	3362
188	673
416	3107
140	3271
383	1017
146	436
140	3449
343	455
78	464
140	4033
87	106
566	1665
140	3720
1338	3561
526	833
343	2501
442	687
72	3138
444	758
425	2640
444	1289
140	3992
734	1179
523	1176
81	2892
151	929
451	797
140	2693
241	3144
525	1546
2276	3210
354	3437
425	1301
108	652
360	1299
241	614
54	93
54	107
1481	3240
845	1478
1338	2669
797	1316
444	1387
213	789
478	1744
478	1742
2705	3517
588	2669
336	851
538	3246
81	2564
797	1308
1137	2651
549	1515
56	1953
1159	3016
823	3914
56	415
423	1064
443	647
2630	3737
255	480
1076	1360
2269	3959
652	2576
547	562
314	4027
240	441
188	858
354	611
175	1169
446	3682
180	241
378	876
851	1317
772	3483
1316	3162
74	2093
56	2035
588	4056
140	3410
215	470
314	2572
520	670
140	749
561	1334
2630	3833
681	2056
140	3753
652	2647
794	2705
213	1775
478	920
146	920
423	1025
531	1429
76	1428
186	228
520	1686
383	1103
146	734
680	1076
188	663
164	293
140	3260
652	2818
652	1588
652	892
852	2708
165	425
1253	1458
188	852
140	3880
511	823
3200	4027
140	2031
192	2656
195	2686
383	2653
188	569
250	520
2630	3415
27	112
72	549
72	797
72	336
300	2971
146	1578
458	1394
458	543
478	602
592	3518
678	1159
241	3151
301	1137
584	1298
136	1546
136	1767
336	1050
336	1672
2648	3319
383	3862
423	839
562	687
563	1297
56	1968
225	354
509	1458
300	2936
1334	2234
74	539
140	4029
72	1623
78	294
72	505
851	1126
76	1442
456	676
299	1164
2592	2669
127	3604
581	1870
300	1034
499	687
478	562
383	3475
54	169
140	2604
225	3184
652	1515
652	3999
233	2590
336	1531
233	1292
140	229
95	1315
1198	3394
520	800
385	420
5	1359
458	3140
416	1077
255	2679
195	277
241	2651
575	1438
27	1935
292	3806
187	519
73	888
685	2228
438	3727
676	1935
54	167
772	2625
353	1136
2501	3508
174	195
1161	2682
76	1673
241	588
470	570
520	556
1055	1198
2691	2692
624	4056
1528	3933
3133	3482
140	3484
416	573
56	1538
134	475
454	563
416	1103
313	416
177	526
225	355
171	1393
140	3505
357	499
241	3143
499	616
400	2056
538	1317
73	155
73	516
478	492
78	412
575	2572
95	3108
441	700
5	151
140	525
233	1333
1185	1245
1185	3197
195	1534
56	133
177	195
72	2706
773	3699
140	3706
802	1695
188	705
1245	1464
140	3556
1055	1071
140	3614
114	326
106	2088
401	520
383	3861
140	3382
416	3134
140	3831
56	1894
56	155
575	2580
76	1586
562	1465
925	2520
336	852
1164	2652
566	3896
423	822
575	1320
175	1320
457	519
378	2601
140	3948
484	3933
5	3844
292	812
353	2634
241	254
423	723
243	1162
243	423
423	1188
72	3682
213	2622
652	2592
584	3786
762	804
444	1659
243	925
416	3126
72	81
93	3370
383	2603
355	383
82	936
136	907
480	652
681	3172
241	2631
2656	3108
233	2658
355	2592
416	3188
127	3310
1330	2705
360	2391
652	2606
255	3949
925	1876
136	580
78	439
140	3594
734	3016
241	3036
2572	3157
188	685
168	1139
2520	2619
797	1179
367	797
723	1110
255	2703
106	172
186	1404
313	612
501	3327
93	1436
83	239
74	429
225	2686
136	2145
165	3311
213	2564
458	699
446	1139
233	2679
234	527
404	595
243	3029
510	823
76	772
292	3776
416	1120
69	588
499	915
76	1554
165	794
336	504
499	504
504	563
136	504
478	499
233	2691
241	925
180	2507
136	340
106	136
106	528
106	188
299	2570
1185	2570
1198	3158
5	823
458	1558
2272	3145
504	634
188	634
76	1737
243	292
1330	1458
76	1479
127	2754
111	1069
416	568
76	1623
458	2520
562	1771
175	1558
2668	4002
233	2592
312	1310
78	413
90	3981
111	802
360	887
56	81
504	2818
72	2566
180	2261
180	2630
299	2637
89	423
438	3841
372	526
1169	1330
76	1606
773	3381
76	592
378	1334
515	588
423	1038
355	3988
293	3988
723	1332
78	200
172	186
228	1862
228	787
3174	3404
188	734
188	582
233	1076
56	301
444	624
155	3915
458	463
75	672
353	2215
1245	2160
458	690
280	2234
444	3604
383	3160
241	3236
300	566
241	1319
184	3370
255	3999
3475	3999
416	3315
140	2565
481	1161
533	1161
155	1721
404	416
73	2909
549	3437
140	3316
140	4047
180	2265
1458	1470
674	1478
383	3818
556	562
562	591
383	3444
452	780
146	195
549	3242
563	2603
175	884
480	3161
292	423
423	581
140	3480
458	2963
585	2579
438	3920
353	773
225	2610
316	492
74	180
519	678
353	1907
519	585
87	662
1076	1596
243	1056
225	360
360	2229
477	566
175	3899
175	383
140	3799
520	770
2668	3184
5	1824
300	692
255	3355
136	1996
2160	3334
423	776
1077	1337
681	1139
681	3075
416	1315
46	409
520	1657
681	1104
74	562
449	948
140	2641
676	1202
195	291
314	1231
76	1593
146	787
566	2062
2272	2629
140	2629
136	538
188	613
188	527
241	2656
595	616
645	2651
505	645
336	624
146	354
140	3796
783	1559
794	1476
2568	2572
140	3525
2577	2631
452	2577
2631	3110
479	672
76	1563
734	1337
416	2640
734	2640
2630	3529
188	643
243	3015
1076	1255
444	1076
519	889
140	3857
140	3924
307	659
131	345
75	345
75	520
478	2935
292	3136
78	156
416	438
416	638
140	1245
499	1154
575	1330
398	3216
575	593
659	3104
539	595
88	1364
441	520
200	378
444	670
243	3050
481	878
878	1139
140	3385
444	448
1338	2625
195	3181
140	3921
367	556
383	3571
102	165
76	1460
300	714
354	2648
140	3950
76	461
95	2651
481	652
2568	2619
128	240
140	2621
499	828
918	3174
73	174
316	624
353	628
136	353
353	479
1317	3222
292	3607
299	3122
314	506
652	2630
76	1545
416	792
526	2632
478	531
549	572
292	1548
575	4056
225	2268
292	1602
400	1362
140	3338
416	735
526	1314
72	2650
478	1777
611	723
243	2912
452	2631
383	1301
626	662
638	3402
745	890
441	1180
588	2550
269	300
426	478
134	2142
2652	3635
232	2654
292	2654
240	243
1076	1137
925	1297
383	622
652	3323
3127	3263
76	562
188	556
188	563
177	458
140	887
79	425
492	925
505	519
1314	3325
441	1935
652	3922
136	1592
520	1592
416	1592
279	551
301	3981
3404	3845
398	549
398	2507
73	1817
687	1129
2619	3031
949	2619
446	593
593	1330
74	914
74	949
2603	3237
79	391
241	3141
78	352
1340	3050
301	340
504	1297
504	516
127	1090
140	3456
2642	3209
255	1076
106	1472
782	1871
478	3115
1316	3200
499	3230
448	499
171	400
398	2577
2263	2643
681	1095
155	1603
1139	1308
313	585
1320	3348
1301	1326
233	2597
441	1775
136	652
72	136
215	479
164	409
353	423
2668	3245
335	3128
108	180
692	3215
416	2740
76	386
73	2916
639	1297
255	504
140	3546
241	1191
241	3119
76	1162
234	462
456	462
234	416
186	234
234	335
462	470
106	425
175	692
1502	3237
131	520
520	1461
106	403
155	372
314	3713
56	1202
444	591
530	645
566	797
140	313
136	1395
184	687
186	416
175	3144
549	651
586	734
417	890
443	1422
1139	3121
652	1555
165	1555
520	807
642	723
73	2926
127	814
1592	2631
531	1188
1478	1689
455	1185
292	2967
1050	1767
254	1320
76	630
136	684
172	183
586	2577
315	2577
233	2577
175	3237
175	581
140	3202
480	1373
72	346
74	346
575	1034
305	449
254	425
140	1478
631	1653
566	2570
478	2570
562	1298
233	2645
3155	3517
136	3151
174	520
174	1459
73	878
462	925
441	493
93	441
448	516
76	254
588	3619
499	612
72	3108
72	2669
74	86
2706	3748
2568	2706
292	3949
78	337
484	3215
489	890
2630	3356
241	812
111	424
140	3250
520	1481
1297	1481
526	3844
93	1137
3295	3551
631	1367
72	379
172	326
192	353
291	1470
188	751
188	742
416	2684
1185	2612
736	3108
773	2708
213	580
444	785
74	1185
192	592
140	3516
215	1372
74	462
74	175
319	400
1552	3240
140	2608
364	3222
458	2932
478	621
1507	3031
1070	1159
734	1159
444	1159
241	1313
195	497
78	187
228	489
72	1559
315	458
155	1475
76	1070
381	499
2630	2671
88	3308
335	3157
155	1439
54	117
499	667
539	613
539	575
478	2595
140	3909
75	426
585	818
782	1031
782	4063
188	562
188	572
168	2486
458	1089
140	3592
2263	3342
416	3111
74	1476
316	478
726	1213
76	1377
575	3407
83	128
400	836
1555	1667
74	219
74	426
74	4027
76	1472
794	2684
93	1117
82	102
2580	2612
2670	3075
566	592
592	2613
232	2745
568	778
140	2613
559	575
2568	3448
3325	3359
299	1188
416	3214
168	180
509	588
140	3780
969	3309
136	643
86	93
424	2160
146	1507
360	442
3607	3823
1588	3115
726	2276
1077	1317
175	452
175	1592
106	465
519	833
588	1611
107	143
140	3968
140	3311
140	3568
56	239
72	645
645	2609
73	76
76	78
592	1055
794	3045
794	3209
188	756
225	233
565	3240
526	2619
56	360
127	277
1314	3494
1289	1293
657	851
168	1180
508	3098
186	873
234	1329
27	1507
107	264
241	1748
234	255
672	1665
151	273
140	3152
802	2987
136	2428
458	2058
398	1667
299	2573
180	2573
2573	3209
452	1302
56	2039
56	1821
56	342
118	342
78	173
165	441
106	441
645	1430
645	1231
588	1430
527	588
526	588
782	2910
76	1667
83	920
423	1240
233	2692
458	1966
240	572
3371	3399
478	4028
165	448
399	565
195	4076
400	1835
232	400
83	230
140	3730
3216	3611
74	934
134	1952
136	1538
565	3549
773	1320
345	829
213	241
592	2648
338	3200
852	1084
205	388
76	388
175	652
1320	2615
1548	1555
823	1704
136	357
140	3424
89	92
194	564
76	1733
165	1891
346	347
676	694
416	3565
106	548
233	2595
735	2572
175	865
175	406
188	537
642	1289
140	3932
255	1334
1408	1672
134	3999
499	775
335	2572
823	3870
299	2574
1028	1675
140	2626
81	2433
570	588
76	1429
549	666
293	2651
504	1491
316	367
180	292
292	565
528	727
133	2234
588	2679
416	469
416	2263
140	3995
416	2648
1185	3225
723	754
79	114
385	1765
155	1148
308	2860
165	2535
102	264
234	1308
1308	1310
481	1566
383	3108
383	4056
1139	2856
165	870
563	2703
286	1373
136	3604
243	2269
140	3655
215	3001
367	1238
88	1132
106	694
293	2268
293	586
355	586
443	586
354	355
368	3237
195	3130
168	316
136	3082
403	425
499	708
2630	3256
1788	3370
143	753
244	378
74	1891
233	2708
1103	2056
353	533
383	2651
558	566
95	1162
134	2951
76	667
2642	3318
2642	3748
290	948
56	1910
56	75
2580	2655
416	485
233	446
505	2700
546	734
312	2612
299	418
215	3084
704	1330
315	652
233	652
233	2611
652	2609
2592	3032
140	3458
498	851
118	426
166	1683
355	3032
215	726
478	579
188	657
566	1637
186	585
76	1358
449	1555
449	2278
146	449
3139	3922
281	1119
393	3726
1185	3437
772	3788
233	315
316	499
111	133
203	406
3466	3550
107	245
75	131
93	2075
140	3508
444	481
444	1079
1313	3109
233	281
736	3487
984	3487
277	308
27	3237
416	1169
556	1528
2684	3133
2650	2684
175	273
56	215
340	516
243	2229
1161	3643
107	1092
213	513
241	3197
177	498
462	566
353	566
522	566
566	3161
195	2110
140	3039
241	3183
2615	3350
490	1975
423	1039
136	1461
188	401
438	974
180	354
2684	3117
2603	3147
1208	1312
1315	2656
645	907
478	645
213	478
175	2572
1176	2740
140	3851
734	3052
140	3378
195	2961
154	200
353	602
192	230
452	622
3314	4063
1080	3128
74	884
74	183
477	527
3281	3313
443	3217
438	3833
499	624
343	2189
754	2189
188	698
188	488
136	1425
478	1371
140	2635
140	772
140	2699
355	575
458	1316
622	3108
596	2686
232	2650
95	326
234	455
734	756
734	1148
2568	3748
3126	3278
418	797
205	1217
166	175
438	989
140	3873
83	862
685	1323
520	686
686	3065
1028	4017
400	632
140	3115
423	1190
458	1762
241	336
91	240
240	662
195	1362
734	3494
505	2078
56	1767
1370	2690
878	3312
335	416
335	593
335	563
299	563
423	1111
164	443
3684	3933
186	657
228	329
3767	3882
1373	2953
76	1475
173	1528
416	528
416	1464
416	510
1597	2669
3349	3434
949	2704
111	2591
192	1340
136	1335
232	3933
241	2686
241	498
1373	2228
2630	3466
188	233
575	735
400	472
140	3256
102	149
140	566
193	764
416	3617
136	1508
255	2773
473	1110
473	520
299	335
175	669
1031	1177
654	3325
232	1355
186	530
136	1809
200	292
1161	2160
192	1294
255	2625
426	851
140	3417
2588	3941
186	819
484	516
1316	2654
949	3166
383	3470
146	3404
241	3110
383	584
175	354
355	2628
355	593
134	4076
736	2705
140	3319
54	87
54	86
53	54
54	101
76	493
136	479
136	441
423	1164
241	626
76	241
76	508
385	673
2568	2576
1524	1528
426	587
416	462
423	1100
575	2935
277	762
845	1176
234	1304
76	1441
575	579
400	3776
400	470
470	572
93	1505
213	516
240	244
336	563
498	949
205	458
184	186
186	925
1185	1528
80	824
140	3302
186	276
691	3437
53	108
89	910
448	716
300	907
134	300
416	2566
404	1481
2568	3915
592	3915
314	519
681	1236
140	3708
109	2045
631	4063
531	1625
2595	3237
1559	1935
470	612
563	1076
1076	3237
1672	3237
354	676
585	1527
613	1129
215	3066
480	1049
78	111
3245	3523
385	1479
726	2734
3290	3295
144	255
186	1507
180	691
2666	2667
147	652
319	1835
418	423
535	1443
531	1598
83	473
403	948
893	3325
372	613
93	496
586	2646
452	487
56	1943
140	175
318	342
1297	1559
213	1763
80	1413
81	2753
265	681
368	575
336	480
146	523
76	1699
347	3144
188	795
106	186
936	1760
3400	3445
56	2021
106	195
106	1461
301	1461
592	3127
2568	3200
219	353
368	520
165	360
76	694
72	2631
516	596
520	588
329	3075
2703	3161
76	525
76	192
681	1325
621	1458
510	3442
265	444
1034	1438
3065	3174
1184	3475
654	3640
299	4012
164	213
558	635
195	1144
80	528
308	2029
281	3955
56	2043
575	3915
526	2654
425	1907
225	425
873	1139
890	2398
604	1413
1430	3699
88	762
76	762
140	3462
401	1340
265	709
265	336
265	1764
56	901
56	107
76	611
290	423
520	1548
89	802
273	662
539	3130
473	1663
56	120
273	726
577	839
404	839
3161	3237
245	1366
140	3558
558	925
300	925
78	189
652	3129
471	492
581	3234
109	2921
146	1369
2612	3380
3376	3711
557	845
404	585
312	423
215	423
233	353
773	3647
3647	3688
146	3240
579	2571
416	4085
228	1681
203	1320
255	773
851	1465
195	632
1484	1507
93	358
358	385
2619	2686
255	3679
299	3308
526	3308
1300	1317
549	1552
108	146
200	2234
516	542
462	572
76	572
76	1665
815	1552
232	2058
724	1000
631	1696
499	744
416	499
499	509
398	1179
367	1667
485	491
1076	3240
652	1076
804	1537
458	658
458	521
1055	1135
131	925
925	1998
140	203
676	1559
802	921
478	1217
478	1885
478	1541
687	1528
519	1552
647	3682
314	719
308	314
83	958
485	1962
530	1152
83	277
716	4008
581	2977
1326	2640
557	3133
557	1308
233	2677
652	1051
336	454
668	1559
520	815
134	353
194	2743
416	2692
346	2577
2660	3108
575	3209
165	1103
925	2980
364	1239
76	1159
187	3604
136	537
416	3194
627	659
444	1569
3295	3552
353	1146
804	1061
593	3252
243	3069
458	670
72	613
575	3448
183	615
2279	2610
797	2568
292	3767
1312	1339
1672	3494
516	1691
75	517
140	3663
205	502
736	1308
450	2218
516	556
78	441
383	3139
3226	3435
3174	3994
82	89
802	1606
416	1613
56	871
155	345
78	388
165	540
610	666
610	652
5	188
377	685
79	3743
3938	3939
228	1368
520	3776
243	2640
136	594
2573	3315
1458	3315
140	3197
549	676
140	3521
379	1185
188	718
140	3528
265	457
360	1121
360	915
166	520
1303	2572
188	843
423	804
773	1314
72	510
72	2595
1137	1637
188	400
626	1028
299	652
349	565
106	1793
87	528
516	1384
498	925
225	925
140	3788
287	342
308	1341
735	4022
735	736
292	622
140	3265
265	816
448	1297
896	1935
367	591
367	497
316	1649
586	3030
165	1793
353	438
438	3112
299	1314
1588	4007
720	3215
78	176
46	918
140	3353
586	3604
3048	3108
416	2701
586	1297
233	2701
343	555
444	1458
336	530
336	2570
3144	3215
228	1846
520	1559
563	1049
585	664
526	3140
195	508
340	880
416	513
316	416
592	2572
3323	3688
195	1689
652	2160
54	99
106	165
400	490
582	3133
82	1606
88	823
565	1602
46	308
2263	2603
336	2603
171	1485
2569	3333
95	174
155	457
56	1993
83	509
726	1507
171	194
479	653
487	603
140	3451
134	1458
687	1996
516	679
768	823
76	481
76	1387
273	632
1479	1672
195	381
225	1301
299	2700
53	864
136	949
563	798
370	1349
109	869
165	782
233	2690
530	4008
88	416
245	1070
450	451
111	3050
215	615
140	4043
582	2650
504	3288
780	1081
353	586
586	3064
502	592
136	483
326	1824
907	3922
1422	1528
565	653
78	115
549	3094
349	370
106	936
458	2508
1198	2655
127	3859
355	2694
681	1311
632	1176
166	685
136	2954
614	2601
778	1481
140	355
136	140
501	1174
1672	2717
487	800
1544	2577
753	1438
308	919
675	2510
3501	3503
385	3168
370	380
147	3999
2268	3216
185	470
326	700
134	1689
500	519
314	3230
2591	3174
1297	1738
393	3357
232	873
3362	3732
315	1762
281	543
292	461
292	1028
243	3044
724	734
188	822
1817	2900
685	1683
1483	3743
2706	3049
681	861
76	1591
1338	2684
528	730
335	1538
823	3314
265	462
46	140
106	331
144	723
652	2279
56	2019
56	2018
469	1184
241	469
241	3121
509	516
509	1528
463	1528
173	716
173	478
804	1424
444	3151
107	286
180	383
383	438
1528	1548
551	3427
134	1139
473	639
102	3785
140	654
526	1086
462	1340
603	915
195	512
651	1552
155	1470
195	2992
564	2992
458	2992
78	361
544	1076
78	296
448	3209
224	762
386	949
651	2697
265	2382
504	744
734	2921
613	1430
1430	2045
195	437
76	471
76	526
215	228
343	925
86	97
195	1390
638	3491
478	606
470	799
470	653
802	1588
200	586
561	2736
215	452
106	143
74	1395
336	3031
93	308
228	1371
241	2617
184	3016
75	687
225	3105
383	3220
215	1663
97	301
315	3154
93	246
3366	3495
313	593
186	441
233	406
233	2707
416	3915
368	493
107	1061
140	2705
93	1076
233	2572
233	2640
78	197
370	1507
642	1728
420	2117
736	2577
625	3535
370	1601
370	3016
368	449
83	449
200	2178
567	851
3478	3885
581	1507
155	316
1448	1552
1176	2619
265	675
3244	3541
88	2560
449	896
678	1055
353	1103
364	4068
400	838
234	1333
478	825
652	783
416	1198
1198	3196
1198	3171
1198	2045
1198	3198
584	2160
2652	3327
353	469
140	353
789	1396
116	186
116	382
186	1475
715	1077
473	1630
370	604
292	3031
164	315
72	2643
234	314
794	2689
1320	2572
279	1568
367	2060
501	1165
300	688
686	2729
520	1396
195	3617
299	1185
592	1185
241	3133
3108	3599
273	3981
241	829
549	1291
1337	2096
549	3999
2630	2660
213	440
2263	2706
543	1367
937	2234
79	1926
581	1072
234	241
188	250
78	188
86	879
853	917
734	3093
416	1667
292	2579
488	1765
144	1340
292	3139
56	295
773	3687
585	1686
470	541
564	1366
155	296
581	659
97	866
241	838
416	749
458	906
577	851
596	1302
165	1302
74	229
97	183
406	469
292	3482
367	3091
195	4071
470	656
593	2614
292	2618
343	755
343	393
659	724
93	1357
423	1113
292	2669
715	2011
292	3049
802	1767
232	2040
543	3696
1424	2563
735	3130
225	3232
106	1888
443	3161
2577	3108
76	1704
116	1944
118	3448
273	1076
531	1095
1185	3212
320	442
168	2485
76	800
558	3178
499	777
450	489
241	3180
345	4063
448	686
448	692
2568	3997
498	499
485	3904
146	3842
596	3370
458	862
308	564
308	917
393	982
802	2818
72	219
195	1297
399	3148
3121	3147
480	799
1588	2734
3379	3455
72	539
299	2592
444	532
504	3121
504	1177
215	2577
531	3904
134	473
134	599
243	312
852	2595
3288	3549
1308	2609
2637	3263
1667	2648
2160	2610
174	458
74	2734
479	632
312	525
984	3298
72	446
89	878
1068	3016
687	1643
194	1568
423	1195
446	1308
88	516
88	490
241	3192
381	1528
18	416
195	318
456	1619
3251	3875
3214	3215
456	815
948	2060
2630	3357
232	1455
243	3099
215	599
186	308
140	3939
398	2568
551	3682
274	692
301	1394
591	1654
184	1234
1308	3209
76	643
72	188
292	2661
470	480
3251	3283
180	2568
3295	3511
106	937
624	2550
2268	2632
241	3230
444	3064
1293	1324
244	576
794	2579
165	1036
195	563
378	2729
1559	3237
284	292
345	1560
416	554
416	526
416	579
726	1118
451	572
1308	2696
2276	2696
232	2256
499	1202
113	147
2580	2614
792	1137
273	277
611	1768
723	3075
56	362
420	1340
165	2261
225	3050
404	502
425	2776
425	2659
416	2579
342	2288
425	1337
76	833
76	768
234	520
543	676
551	588
652	3027
232	308
308	1549
205	308
516	2090
430	624
244	582
251	430
250	615
1371	1424
1528	1710
400	1076
140	3534
1634	1765
1430	1529
89	102
1443	1472
370	1836
91	1935
639	1524
134	186
134	562
186	400
400	694
134	516
134	719
674	1208
56	1967
225	525
466	499
452	625
1381	1558
301	1171
1139	2777
74	1997
243	2578
734	1119
140	3276
488	1720
76	1443
241	497
481	3237
134	245
134	1371
451	557
240	2558
638	1555
1373	1424
734	1373
78	275
517	603
2568	3104
794	2706
27	1139
416	4059
1077	3237
56	82
2637	3742
423	1167
251	1187
215	450
177	215
450	589
76	357
97	2056
588	2660
76	1771
593	3713
74	1619
78	434
919	1027
530	1472
385	913
647	2948
824	946
1188	2642
745	3513
241	1139
140	3806
475	659
475	1193
243	3056
132	1049
76	119
72	1464
195	1106
192	1562
686	889
215	949
949	1183
192	1290
863	1459
78	389
416	1338
416	2611
1316	2740
145	2189
107	145
523	538
229	2954
88	470
340	470
478	488
1657	3208
769	1459
2215	3635
205	206
127	1824
1667	3371
168	1073
638	3245
335	3245
88	639
76	1359
239	425
75	320
234	723
719	1558
83	872
255	3108
168	499
252	388
1725	2637
852	1314
213	471
263	1110
449	652
2215	2610
76	1600
27	72
243	3030
292	4056
2652	3237
379	3342
823	3054
528	925
488	1092
572	1129
700	822
452	822
269	417
1316	4056
925	1566
308	676
1050	1507
195	1054
171	853
3695	3763
539	1813
233	2596
295	884
787	1688
450	480
314	2650
76	1133
341	564
89	279
314	3865
112	2261
451	475
2269	3108
549	556
1768	3960
140	3557
515	1849
308	2533
314	664
525	3122
409	652
640	1076
1202	2953
1198	3117
225	336
72	2577
969	3268
687	2601
465	2049
188	706
188	478
893	1654
1185	1458
466	498
473	3019
631	1461
1205	4017
140	3769
147	3231
140	3551
724	1748
27	873
442	1214
1070	3128
165	920
723	2610
107	1669
383	1299
780	1097
586	2637
586	2267
386	3742
3682	4027
346	554
228	487
269	879
255	438
675	2947
205	404
588	2118
155	687
109	1069
508	771
551	815
551	645
621	645
815	2595
72	815
602	1161
345	823
1198	3188
76	780
140	3377
1552	1768
472	624
416	3056
560	906
575	1549
168	261
56	118
27	1161
114	2459
416	1320
416	1176
241	1094
72	736
273	631
107	904
383	3532
562	1061
3292	4058
539	585
493	585
593	3757
188	806
444	686
416	1388
186	570
824	1628
360	824
1330	2646
195	499
200	2161
416	2956
416	478
734	2910
232	416
416	664
335	565
299	2619
744	1479
762	866
134	662
549	2818
652	1107
647	3981
140	3366
265	1604
2996	3143
611	1154
451	1154
267	596
490	1757
473	704
868	878
452	559
292	1184
265	281
1046	3219
3928	3929
233	2570
188	510
188	509
188	539
1185	1367
27	102
292	704
300	1686
134	382
281	1028
530	1185
530	613
613	1185
530	2665
245	430
245	734
250	400
347	436
225	3155
804	2759
2656	3049
1070	1669
593	2602
95	1763
575	2684
500	1076
1303	2574
1562	3342
200	2213
734	1190
292	393
815	1205
1159	3110
452	943
458	749
76	479
195	672
3251	3877
299	3547
659	3024
370	719
60	109
78	297
520	2947
473	1048
444	1317
2568	2703
76	793
76	539
76	1368
3371	4012
292	1425
78	350
134	1515
1042	1669
56	686
56	131
797	1071
797	2278
292	299
78	299
113	1031
241	1602
186	589
73	441
277	2294
243	498
140	2692
140	3438
550	559
134	1053
114	2426
917	2294
134	917
378	1046
188	535
177	364
172	462
107	462
461	2520
174	468
1115	1528
804	925
109	2408
271	1246
263	1221
127	995
140	1458
140	1176
194	694
166	2158
851	1747
516	865
815	1395
388	1616
804	1077
490	2774
155	1781
851	1815
89	3981
122	2078
360	723
593	652
575	1528
851	1665
875	879
76	1774
599	611
572	602
1586	3386
195	1765
420	1076
1768	3230
145	543
336	773
127	574
188	769
1028	1214
54	146
678	1660
314	1320
314	406
593	4013
140	3722
672	1111
528	1376
615	1216
140	794
513	1426
225	3191
335	3166
200	2249
115	360
734	771
734	1084
582	734
582	823
383	2263
449	1137
88	398
1667	3062
836	3404
233	2663
878	3699
383	526
1315	3475
228	458
653	672
400	473
828	1028
2630	3398
140	3896
76	1055
477	4063
419	734
239	2398
92	442
602	1824
1725	3161
488	1813
594	1549
3448	3682
2675	3209
624	839
678	839
520	687
686	802
443	2430
225	3045
2568	2654
1559	1588
2954	3215
538	613
2015	2278
76	1677
924	3786
273	1054
127	1040
140	3433
195	198
504	3286
140	2655
404	613
651	652
200	2135
134	1387
134	677
243	3079
653	3308
91	155
596	1180
635	1459
446	1302
2633	3639
347	638
465	898
1184	3133
473	504
585	658
1813	2263
243	1667
563	1191
528	688
399	3122
78	442
520	645
1161	3836
188	741
193	3696
265	694
75	448
508	3108
1323	2601
3179	3371
1334	1814
76	102
423	1117
553	613
1835	3370
473	519
367	473
463	1169
736	2620
172	246
109	418
264	378
787	803
188	787
404	719
700	719
588	719
175	744
127	845
3739	3741
340	499
498	3047
140	444
766	1749
265	3120
144	528
458	569
517	1210
90	1193
639	776
106	754
2635	3135
75	2927
173	1663
127	2953
93	943
78	191
591	878
74	878
90	2047
1555	2268
1393	1555
473	2564
652	2687
595	1528
123	145
604	1215
111	241
265	1246
114	1668
400	851
140	3776
165	1076
192	383
525	1305
487	1362
438	1231
370	1091
587	1653
804	2573
86	127
1291	1337
76	1510
138	165
165	1910
164	165
114	2368
430	473
265	473
586	3143
291	1367
292	446
893	2524
1667	2656
458	753
2643	3104
766	1389
2189	4074
537	1569
241	504
511	1430
73	2176
2651	3147
370	613
1950	2234
1373	2935
1666	3219
1461	3108
459	488
1137	2144
228	816
520	816
1373	3240
3271	3565
300	2715
430	762
378	1588
193	378
417	802
127	1016
299	2577
824	904
83	824
107	727
92	520
470	592
118	1034
184	3036
386	2753
1756	1788
528	904
76	825
659	2701
596	1651
234	513
74	144
430	1202
662	1517
530	815
438	3357
2656	2657
819	1559
134	2090
1103	1139
1103	3082
1139	3491
146	1771
2948	3161
588	1898
591	792
417	2601
118	2593
443	3597
2947	3597
1678	2640
559	645
370	2714
195	1465
423	1092
2583	3295
134	1036
175	1552
175	2144
469	2160
519	1387
378	1054
525	678
519	853
195	2750
572	668
672	948
723	1217
604	2123
383	3375
252	326
652	1657
53	2113
562	1768
2276	2591
286	377
639	2722
1164	3121
194	1058
723	1692
367	913
388	1524
84	1097
2591	3133
273	1355
140	2615
2610	2682
241	346
438	3452
118	575
383	1164
526	4056
393	3742
661	1620
801	3167
823	824
652	3518
273	675
292	2701
1028	1617
292	3200
76	1707
109	172
172	319
425	1893
700	2520
890	2963
233	2614
652	2651
2570	2571
2569	2570
593	3762
76	1456
127	493
383	3249
241	2610
215	458
458	1713
438	736
87	946
241	425
564	2471
172	286
76	228
1312	3786
451	824
127	2948
440	2015
324	1935
114	2396
403	565
659	1095
1297	2576
1315	2111
499	734
1044	1361
497	513
884	2457
1683	2601
562	1683
3727	3970
255	3727
232	3394
450	2736
3690	3692
223	402
229	383
292	3843
2253	2637
672	1569
480	1545
292	3107
106	1693
140	3979
480	520
477	520
78	458
380	652
1768	2009
449	780
385	780
403	780
269	370
370	1145
147	1853
232	3971
2276	2706
1049	1765
802	1049
2706	3030
379	3437
2572	2588
331	343
213	647
470	703
1103	2051
140	3365
114	2382
75	349
771	1081
114	138
79	2328
140	1293
175	549
549	1373
653	831
188	831
851	3427
195	2973
177	694
215	225
771	1686
147	342
511	2571
661	686
513	531
370	2771
592	1759
195	1488
593	3284
83	864
241	3225
72	2144
3475	3827
430	685
3075	3999
1535	3015
676	889
292	3111
95	169
595	2631
416	2631
647	2892
92	388
299	1935
168	828
1373	1602
1139	1804
183	244
884	1483
516	675
224	480
224	478
76	527
111	3386
90	326
292	510
292	530
292	852
530	581
420	1672
593	2654
2740	3016
292	2267
3913	4057
400	1038
140	1643
1191	1371
481	1742
932	1459
1139	2734
370	1686
1297	4056
626	1091
342	2408
443	2613
419	823
88	165
416	551
443	1606
76	457
76	173
76	490
76	1560
133	642
76	1614
478	907
308	478
454	585
378	384
384	1028
549	2507
341	3370
1291	1305
450	1305
2636	2637
140	3624
343	1026
343	658
652	1164
520	559
72	520
72	1340
556	798
314	353
93	1095
106	563
462	562
1245	2680
340	1790
78	301
56	1842
56	378
383	4057
3174	3342
425	456
114	2335
1320	2707
92	97
232	615
225	639
520	771
423	1181
344	1291
165	928
575	852
1139	1300
478	588
488	1093
1198	2577
539	1761
188	676
909	948
292	3220
446	1306
416	3243
3110	3913
796	1756
195	2934
723	1043
723	1234
454	687
454	1672
1198	2612
243	480
615	1443
438	568
225	469
83	368
76	1720
592	3151
188	713
78	205
1340	3322
592	3237
400	688
3861	3862
1371	2980
315	1289
2660	3621
491	539
2253	2900
316	1389
241	3188
420	1101
72	472
250	516
585	1081
335	3122
193	2779
592	1320
1291	1737
758	1137
653	2946
233	2666
134	803
134	2751
470	840
114	2358
588	3032
456	659
723	3182
558	592
462	499
400	664
400	1371
140	3805
443	458
75	960
686	2750
603	1935
815	1528
188	486
2228	3899
802	1657
195	1696
370	822
2165	3386
851	2947
475	782
520	853
853	2951
539	620
620	1696
143	910
143	949
1552	2689
885	2654
779	1145
851	1297
3258	3431
3766	3795
703	943
391	2728
56	1965
221	876
122	780
292	797
488	1084
2165	2215
140	3306
93	264
91	1381
2665	2670
613	705
1086	1110
171	1765
1387	1559
581	628
78	90
241	1315
195	464
613	1485
932	1485
480	816
206	452
78	315
78	312
1371	2222
344	2656
531	3104
441	1393
114	121
141	388
478	805
164	593
772	1831
75	2734
462	581
910	949
145	910
402	489
243	3087
1601	2704
81	1259
75	875
528	1438
54	123
699	4057
254	1050
215	1120
2263	2640
180	2640
195	2468
106	114
273	522
526	3208
84	87
621	1716
520	885
195	1423
773	3226
1546	3237
871	949
914	949
188	700
3118	3359
140	3800
300	462
678	923
1053	1187
88	458
53	2114
442	526
180	416
1216	1565
206	2648
438	3147
735	2577
255	735
715	1499
76	878
76	308
241	2643
480	592
353	420
110	155
75	186
75	83
75	882
353	2144
1313	3137
215	804
215	528
462	813
188	817
299	505
406	2676
292	1665
676	802
470	811
175	811
175	188
78	409
76	1511
520	1302
691	3598
140	3147
27	232
1935	2777
915	1238
195	319
319	1809
636	819
322	450
292	3293
566	4027
470	498
797	2572
136	519
188	826
406	416
265	2720
353	590
164	406
489	1059
2572	2637
192	241
168	2496
1127	3809
76	385
645	1103
171	319
97	936
1387	1649
180	255
1334	1683
168	172
1028	2745
293	652
76	1639
195	504
195	292
243	3078
479	556
398	3999
398	3104
404	4063
184	2946
314	4059
314	528
2599	2619
2263	2619
175	3245
1202	2350
1217	1962
499	652
652	2228
429	2091
653	2651
668	783
458	812
533	673
652	3107
134	1050
488	2091
520	1835
140	3387
245	2082
829	1393
175	2111
175	1334
851	2593
240	1937
188	702
802	3129
610	1049
530	2637
489	2091
915	1075
74	155
273	802
802	1050
382	2049
1297	3237
499	1297
499	572
243	1297
326	734
458	938
876	2294
430	1513
81	1767
592	691
639	4074
76	477
3327	3359
554	797
56	1555
114	2461
140	469
442	1368
478	559
370	1078
400	451
2263	3030
125	244
470	721
3112	3755
1161	3755
452	535
873	874
471	555
624	3058
292	3682
543	924
585	687
299	2507
594	1430
370	1430
292	1549
115	362
1159	3844
462	1215
175	2734
265	1366
416	782
2588	3966
3237	3755
715	1419
2215	4025
1139	1693
383	2643
155	277
155	1441
3345	4046
593	1076
76	1680
383	3278
140	3643
645	2577
493	2669
615	852
243	3037
93	287
520	621
232	488
232	1835
423	1175
448	1180
1527	1686
1686	3237
140	3400
471	473
140	3193
172	402
719	1487
95	219
1443	1592
140	281
344	2657
215	1764
948	1368
195	3215
195	937
470	1396
1094	1916
1876	3696
198	2323
193	1708
1371	3075
232	1524
76	1678
3310	3728
423	1124
206	566
770	815
815	1139
180	1910
823	1515
443	3680
676	2736
240	255
353	455
73	2847
808	934
193	1087
530	2703
243	1036
54	81
2263	3031
406	1318
481	767
734	2777
851	1104
76	436
56	1957
273	1623
438	4030
233	2584
1149	2608
4	910
586	2706
353	1391
134	666
109	2768
250	1118
1499	2323
478	1881
652	1297
620	3604
175	265
265	565
56	1940
132	1208
473	2954
1049	1552
1049	1507
425	1332
1051	1117
88	1168
770	771
140	593
188	425
773	3323
175	764
175	470
615	1628
442	1092
195	798
93	2563
75	462
1042	1615
676	808
2571	2665
234	1326
300	808
225	1309
441	958
528	1380
72	1647
599	1656
573	1049
575	3406
1139	2560
228	448
456	1479
1459	2058
388	726
3261	3303
360	1190
417	672
383	3137
391	851
566	2573
393	3611
3258	3272
118	330
372	588
1139	1805
575	890
802	818
345	922
594	4027
1178	1763
93	1341
448	1341
458	548
213	3216
525	1337
1373	2971
1527	1597
147	3649
797	2594
639	1430
140	3850
653	1528
195	378
184	195
3035	3036
1080	1105
539	694
1216	1226
233	2594
700	1366
243	3052
516	4028
195	4028
946	2601
566	2590
455	1367
136	442
2606	3107
694	3821
1487	1815
562	1559
402	1902
287	1558
490	555
233	2576
295	357
295	1507
1910	2278
74	2278
946	1831
241	1198
292	4059
213	3220
508	1528
136	488
488	787
136	510
80	153
255	784
74	176
1094	2084
97	420
56	1948
370	3182
480	2679
292	2507
3133	3518
127	180
771	1084
140	3135
614	1335
80	132
224	516
224	625
3356	3711
367	590
155	1552
1016	3358
140	3603
984	2828
602	771
762	1548
316	462
686	2149
939	2294
241	1395
136	1084
2520	3036
734	1502
140	3618
175	2096
560	1404
188	579
502	694
383	2684
192	229
155	911
175	3489
692	2742
299	3102
1413	1420
1017	3485
53	86
53	138
672	1461
265	322
549	3209
522	958
465	899
647	3127
188	847
481	1387
481	623
678	1040
234	681
596	802
140	3882
744	745
1695	2916
1046	2570
596	804
370	1222
83	465
823	1360
83	945
845	3048
335	3181
525	2776
1823	3215
344	2776
678	1109
678	1104
3280	3430
1478	1697
842	1478
2612	2614
723	1562
723	1907
192	2774
1771	3075
378	1140
1180	1736
443	505
370	564
180	340
910	4057
102	362
734	823
734	1163
734	1104
560	734
492	560
134	240
779	1478
838	1788
273	1164
241	1018
1241	1443
452	1549
481	533
652	3209
1139	2798
314	1308
140	3739
133	1943
786	1478
1161	1221
513	681
367	513
446	1300
213	653
418	796
90	251
335	353
292	353
1070	1420
56	2029
2215	3148
165	2031
3290	3868
234	572
508	3922
452	481
200	662
2229	3215
273	1490
195	730
893	1765
620	1996
802	3031
72	3031
416	2574
308	1553
448	1653
146	448
1083	3634
3536	3835
233	2670
1824	3728
3075	3786
788	2215
107	891
426	471
530	658
652	3124
244	2996
443	2268
299	355
479	500
245	1672
525	1672
851	1998
188	496
458	1487
100	102
762	863
762	1628
273	1566
543	2940
2629	3966
851	1040
458	1528
383	2609
1507	3926
893	1076
280	614
78	449
146	2860
676	890
269	676
143	892
251	2857
614	2158
192	614
192	234
1053	1365
734	915
734	1095
525	915
391	2561
175	589
441	470
470	528
1245	2580
299	1139
398	772
382	676
481	639
200	2191
1049	1566
592	2263
192	1069
243	492
481	1104
550	805
554	818
907	4057
232	2722
823	3498
1046	1935
274	1960
140	557
140	3343
502	1028
762	1028
109	814
489	814
1824	2935
907	3057
272	274
664	1380
1233	1686
140	3649
1461	3906
75	686
134	639
370	4079
645	1303
83	114
400	700
521	3604
140	4001
154	1615
342	2529
233	2609
326	1823
367	1935
367	596
2630	3484
450	1154
140	3406
292	312
76	368
53	1355
143	198
342	2081
76	753
244	925
78	237
416	3117
123	273
581	1163
1145	1187
378	2778
241	586
241	1185
1185	3049
255	2603
73	2883
446	1034
300	370
292	3218
74	1771
244	288
195	2076
525	2229
93	3237
241	462
2948	3310
195	475
370	1871
290	1171
638	1653
416	2576
734	3161
289	290
400	807
409	1936
631	1040
472	3442
539	1507
624	625
625	656
416	3481
452	3915
585	1111
592	613
2630	3390
101	1821
155	276
335	1031
416	1130
172	2526
3695	3721
213	1429
140	3200
425	1314
192	1314
549	558
2501	3770
299	3969
859	1233
251	692
2263	2573
570	851
224	570
336	1764
673	1637
1118	2111
146	1653
481	1744
678	1191
344	4092
242	1645
370	1541
127	443
627	1193
233	2599
706	1326
416	3949
443	1667
692	1190
420	519
555	1247
1139	2070
3823	4016
76	1691
188	525
56	802
355	3127
678	1178
1139	1786
177	265
78	314
78	175
688	2932
305	1139
1139	2792
364	3080
5	851
292	670
153	686
292	367
357	458
1935	2741
273	733
677	3133
75	871
592	735
639	839
80	1768
80	466
734	1653
1049	1087
292	2910
520	576
316	404
734	1077
416	3118
458	2485
1019	2630
1016	2630
772	2707
234	1315
109	676
194	676
194	1069
676	716
488	676
716	816
370	1586
1459	2510
306	2510
301	1798
367	1245
1821	1935
168	1027
56	959
340	3581
815	1026
308	639
611	1076
255	2697
273	516
399	3202
423	1082
530	840
140	4042
154	2189
1760	2741
128	1971
473	539
326	539
882	1243
250	489
1233	1716
308	2510
144	1479
95	155
893	1180
168	2489
595	851
147	241
345	871
56	206
526	958
470	504
1824	3742
92	1158
2642	3437
939	1898
188	637
416	3131
73	2925
73	1925
233	1198
672	2722
136	2262
385	1139
273	771
1185	2045
2222	2601
1686	1765
416	1231
425	1906
471	575
2630	3244
523	3098
292	3098
273	2765
587	803
2273	3161
213	3161
572	915
479	572
2666	3334
239	290
2569	3130
391	913
454	815
1071	1139
240	1139
106	586
380	2753
255	3268
454	1366
3156	3374
2630	3549
736	2598
2263	2598
678	1162
146	3994
146	949
188	841
215	3153
215	677
1210	1364
111	335
140	3531
466	490
1334	1371
426	813
2616	2667
1708	3696
442	2189
442	2601
235	2734
769	3318
416	769
400	842
416	527
251	715
488	815
520	892
1380	1438
146	842
552	853
136	484
588	3098
2939	3342
1084	4084
538	588
72	538
193	929
929	1389
354	592
418	3933
920	1765
2572	3167
292	573
93	132
353	3064
1048	1246
510	3604
1572	1653
316	1591
401	512
1252	1552
839	1081
1072	1081
458	507
2642	3913
851	1110
1443	2518
309	1139
300	672
715	2056
497	3128
400	462
462	1481
562	1289
140	2652
383	568
370	2088
140	3611
250	603
518	1354
1672	2779
215	658
873	1099
1077	1208
1324	3215
485	1527
232	1366
274	1367
245	344
95	1672
572	1297
136	220
684	780
478	510
801	1095
95	1028
520	743
116	400
2269	2660
2609	3110
2569	3110
114	2351
140	2642
225	416
418	499
2684	4056
121	164
3133	3437
241	2707
316	526
316	576
383	1184
554	2654
255	3101
315	3035
1137	1387
797	1704
528	1479
3202	4012
624	946
72	664
172	1357
243	367
241	2568
241	1245
450	1507
175	335
134	1816
140	3723
292	705
2267	3742
480	589
480	620
718	929
188	300
188	620
519	719
520	2189
292	520
1997	2142
890	1478
451	1139
1193	1562
76	93
1161	2661
893	1064
336	462
229	586
804	2524
180	2276
343	4027
109	245
1289	1317
184	450
140	1310
140	1307
140	1338
78	465
78	271
136	271
470	1453
76	470
357	2924
89	1759
273	488
93	488
188	786
498	915
76	1500
76	215
168	1071
2706	3380
398	1308
388	3565
1304	3988
1102	2777
87	145
134	890
134	4065
764	1445
585	1716
1367	3311
398	2619
681	1329
887	2750
887	1935
347	652
1139	1787
136	2229
144	151
3173	3174
520	1443
614	1334
423	1198
127	2010
235	803
312	406
499	1104
499	1051
116	240
299	3647
454	2986
426	570
530	1112
539	734
194	2922
277	2739
292	1330
273	525
904	1117
889	1765
1252	1765
234	1339
500	581
1559	2782
188	487
458	4059
1289	1298
1667	3561
984	3670
584	3482
768	833
78	155
78	326
744	3065
175	1154
378	1118
423	1225
508	1824
2577	2612
136	545
520	526
54	103
875	3785
147	1139
136	1303
76	1693
188	631
1031	2650
128	162
354	639
2263	2577
156	2047
136	2977
136	1743
1320	2628
520	573
140	2665
195	480
195	452
76	1403
232	2963
344	2368
241	681
1558	2045
592	2632
551	2570
386	418
526	551
526	672
416	3202
478	1390
542	2215
804	1560
1321	3899
233	2603
1306	3498
458	556
672	3154
245	2088
1253	2648
78	185
140	3639
186	194
136	186
107	388
107	734
641	1077
121	1171
246	345
1077	2534
378	2721
2628	2698
1313	2698
3733	3735
575	2565
3174	3386
802	1197
243	596
596	3054
225	2619
76	1611
3320	3346
587	608
345	659
3258	3372
3345	3369
3369	3530
3530	3574
3601	3943
372	699
516	3237
1389	2128
279	2521
232	585
558	3230
89	688
286	2754
106	2106
541	715
134	1188
235	2720
136	1340
416	3970
2633	3489
39	81
1697	2512
74	75
353	1170
88	596
140	3504
1765	2750
473	566
378	2752
217	401
779	2977
533	2977
678	1361
355	1910
188	490
188	844
1471	1478
136	1393
76	1760
378	929
292	811
380	892
146	1682
727	1991
76	1453
478	649
263	3325
2577	2580
140	2580
140	2276
2573	2614
320	2323
1298	1312
280	870
448	2774
604	1028
188	538
254	1340
1076	1103
2577	3209
712	1032
1138	1765
2706	3045
1408	2777
543	892
27	402
76	1427
588	799
448	454
404	528
1629	1653
173	292
299	774
299	773
265	367
140	3918
136	454
136	897
122	342
342	714
804	2096
241	804
533	939
516	1178
487	694
76	1728
652	2601
312	652
642	1672
458	1455
143	572
441	551
292	3845
78	415
734	1842
301	3870
504	774
192	442
147	1801
106	140
577	3044
1139	2106
1071	1187
530	1360
771	822
343	2912
75	88
88	385
493	4027
72	1231
241	3226
448	2606
234	861
797	2686
1233	3086
273	280
243	1768
823	3115
1213	1389
1907	3045
354	2628
115	1893
206	493
403	1543
255	525
233	525
792	1296
136	1696
136	539
1471	2929
665	1193
172	2527
140	233
186	1711
109	960
566	3427
1762	1763
504	575
86	1923
520	825
2272	2710
406	3101
357	692
108	887
402	2010
878	1028
2568	3324
344	562
344	450
662	668
3251	3824
78	203
154	1441
530	1130
893	1787
779	915
655	915
287	2564
353	3842
1478	1481
300	1481
804	3047
723	3215
558	3133
1068	1828
131	686
316	485
315	2274
2680	2702
416	2667
2618	2646
1138	2046
512	2941
155	374
250	1032
554	3032
545	560
478	948
1330	1549
642	687
642	4065
357	442
292	4057
1050	2916
1103	1104
3309	3651
293	3169
81	1139
516	817
526	622
860	1961
723	1162
659	1050
3354	3565
3374	3838
639	1178
526	624
114	2412
127	4076
338	2294
558	677
1028	3846
74	182
406	2572
1185	3371
501	3836
913	949
261	913
426	885
491	608
140	4016
171	2947
676	2924
400	2924
417	2189
592	3970
1560	2084
449	1560
2572	2640
91	905
473	664
473	480
441	473
441	1528
3357	3378
419	3767
300	924
458	551
495	599
442	1966
1397	1934
175	1323
265	1044
655	851
3441	3487
370	1045
155	465
2253	2690
871	925
726	823
416	2606
512	1697
595	2648
372	577
3290	3673
84	188
136	581
136	3237
1146	1771
442	2382
1566	1768
893	1131
517	1621
3572	3966
53	280
1842	2886
95	718
168	2494
168	286
89	1606
2612	3570
200	2222
423	1051
423	1027
1330	2572
1768	3066
645	1428
495	498
2189	4084
265	3119
127	1138
136	948
140	3908
1476	1657
1137	1472
136	779
851	1771
539	884
370	2576
388	2576
562	1233
194	1180
851	1095
140	346
575	3057
353	678
452	817
458	481
1252	2734
526	1185
1135	1136
326	1817
446	3560
316	607
1078	2564
312	549
76	626
188	547
76	88
140	778
383	3701
140	3758
195	2971
585	823
195	779
95	136
136	802
668	802
499	802
265	813
556	587
2737	3016
345	1071
1371	1853
86	1924
1862	2081
1360	1361
498	1051
213	1880
171	250
925	2697
560	1651
462	1445
1507	1552
723	3093
342	2028
175	2630
132	1443
479	2593
520	830
155	1459
75	155
155	378
155	269
56	96
78	254
93	136
250	357
466	1050
1208	1229
823	1628
76	806
155	516
145	925
920	1078
871	913
83	913
879	917
878	2189
195	217
265	1050
340	3491
3379	3634
982	3670
180	3647
3376	3943
377	2076
383	448
195	2957
1028	1443
93	762
213	613
126	1086
787	842
385	2080
2753	3597
1308	2577
851	3197
1824	3161
647	1824
578	3161
113	870
243	3075
1320	3767
72	1653
136	824
360	1894
3174	3348
2588	2598
404	684
316	588
200	2192
140	292
82	2813
207	960
2565	3110
3950	3951
3290	3693
83	894
235	863
1000	3032
221	694
452	512
509	570
780	1179
452	752
520	752
1038	1697
707	3743
1076	1107
132	693
523	1966
370	1420
193	2039
136	2957
370	3007
114	166
273	490
490	2740
89	1071
409	1071
225	1161
111	1602
111	416
324	1028
1028	2752
1354	1849
1672	2529
517	1070
183	802
225	530
345	865
243	1137
185	2559
355	1515
1099	2524
383	4030
241	3112
335	3038
188	635
879	905
83	905
75	1853
558	659
122	754
520	2382
146	470
688	1397
1528	3915
1821	1953
2272	3205
686	1191
719	769
724	3242
385	1803
1476	1527
1737	2770
706	1824
1373	1537
441	556
1672	2091
1049	2091
1028	2039
1138	1619
929	1352
172	2545
383	3234
127	1823
820	1578
1315	3157
326	1822
2234	3215
744	1034
700	1234
364	1077
599	884
140	2160
430	1145
562	1288
1198	3154
78	288
723	2745
383	3486
90	2864
240	1792
556	2092
3031	3999
315	525
423	525
493	595
516	595
678	1102
398	3169
93	227
188	503
286	470
383	3971
168	2501
2659	2776
400	1390
140	3444
385	1459
687	1046
585	2001
1214	1499
1341	2755
274	1082
604	815
581	1063
400	1373
53	1976
599	681
205	1063
205	1528
134	1094
1028	1110
140	3642
2697	3034
90	1355
194	714
878	1202
473	720
492	692
889	1396
715	1396
2664	2701
1045	1049
1049	1341
1044	2075
674	1389
136	252
915	1070
398	452
240	922
240	1756
308	863
301	2622
56	1946
678	1604
1139	1871
582	3080
527	615
734	1031
136	1031
134	265
184	417
1824	1857
642	2773
525	2773
441	684
441	1657
441	581
851	1207
478	528
383	592
575	592
1541	1864
116	155
186	620
556	1326
488	889
546	677
1392	1562
579	1188
586	3334
516	937
1330	1667
520	1560
1139	1912
403	1350
1824	3604
804	3100
192	1683
78	136
188	501
280	360
3272	3304
172	1202
151	416
620	621
471	1036
851	2965
674	782
441	458
1672	3023
86	271
140	3734
535	583
599	2728
1040	1799
892	1507
1138	2559
604	1391
171	2929
1139	3231
255	1340
770	1205
308	385
1783	3994
241	3206
246	261
570	2916
145	215
206	925
692	3995
76	81
315	2640
2640	2939
2165	2640
526	2679
169	391
472	508
144	1907
343	675
343	458
173	343
265	922
273	1849
530	852
140	3386
314	588
300	889
89	2938
2572	2660
874	1471
308	4057
851	1560
183	240
89	183
370	3108
505	2699
164	797
487	2742
566	662
499	2367
1060	1099
2610	3074
261	919
1028	3016
734	3031
525	2635
75	889
239	269
90	340
91	1071
423	1185
147	1817
471	684
471	1031
223	1162
797	3107
90	93
93	869
342	2326
263	3080
404	1367
823	1170
416	2604
1082	1206
480	1384
1034	1476
936	2081
418	562
1110	1205
213	443
357	420
1387	3999
1470	2528
114	2355
1139	3960
416	802
458	2219
508	3130
1049	1653
185	1387
133	2165
195	389
525	1767
122	2080
2750	2759
1628	4063
936	949
592	2568
1137	3128
530	576
452	530
530	575
353	575
560	1336
1057	1302
939	1092
1061	1395
842	1061
140	1034
499	589
444	470
444	576
551	576
444	458
183	187
76	187
458	477
122	388
492	676
915	1036
315	549
3295	3666
140	2603
76	300
76	1471
232	1063
131	659
659	884
802	3143
528	1560
633	1535
90	185
185	271
319	692
344	1334
3270	3750
1288	1562
1737	1772
492	1737
228	492
639	2963
314	2679
273	2058
736	2660
700	1028
700	1455
335	2264
86	109
2753	3743
370	1550
745	3535
1393	2268
75	539
1438	1559
2667	3155
423	1229
140	3596
140	3982
140	3261
144	462
291	342
107	195
107	109
127	3268
1139	2049
1910	1919
200	2159
143	1053
374	401
452	688
452	519
1078	2103
1439	3019
452	1592
490	672
74	1672
499	546
255	3107
1478	1628
1330	3754
1320	3039
543	599
1138	1862
492	1324
116	520
230	403
254	446
585	839
839	1030
273	430
273	2720
686	2142
200	686
382	516
136	1332
140	687
335	734
610	2619
2660	3209
3065	3166
168	340
426	1077
915	1102
184	3060
140	4036
915	1628
442	734
224	730
93	2950
140	3305
416	2697
477	752
589	703
3295	3756
478	1464
1216	3016
744	1637
206	813
1365	1937
470	554
452	470
769	4028
823	3033
485	3102
140	3912
531	1746
596	792
490	1371
565	1371
516	699
72	3237
1409	1824
497	794
132	306
240	2055
492	3215
3169	3999
3259	3320
107	948
241	3109
89	2534
898	1528
528	588
136	528
136	1566
308	820
969	4046
76	345
263	1031
263	1113
423	1069
446	735
470	485
136	2956
478	672
620	639
76	1664
312	1330
1159	2507
823	1112
621	3768
313	1704
694	808
752	808
188	808
76	423
79	439
236	1691
1028	1042
756	1050
367	3035
652	3240
383	3240
677	884
136	884
136	184
136	933
241	2272
493	520
924	1935
2650	3174
1443	2794
1443	1835
1032	1070
188	855
140	2628
1954	1961
215	2910
241	633
691	3202
471	805
545	663
2277	2278
56	1925
195	562
195	1439
417	562
723	1424
342	456
78	394
425	446
316	344
416	3211
370	4017
480	1366
1164	1191
75	1415
370	2831
140	3709
512	554
186	382
234	1309
239	1918
138	1918
458	2513
549	3032
88	815
136	815
1159	2612
53	2092
1304	1517
1316	2515