78	310
140	3923
78	259
76	1733
200	2231
416	2867
1139	2875
200	2222
140	4024
140	3761
114	2293
82	2849
396	3174
56	1942
200	2197
200	2173
82	2826
140	3301
140	4045
1139	3960
56	1957
140	3730
1552	2864
140	3847
140	3980
3057	3913
566	1964
82	2830
200	2235
76	1644
140	3805
44	878
114	2374
1	21
390	1272
188	843
82	2873
82	2526
200	2198
308	3780
78	432
78	431
140	3694
1118	1987
200	2156
1	43
76	1386
387	851
76	1456
76	1440
200	2127
78	351
76	1580
76	1480
114	2391
3027	3820
385	3168
82	2804
1	47
78	421
915	2970
74	282
74	214
78	369
1588	2454
114	2307
140	3706
244	3017
76	1610
1615	2947
76	1561
292	1971
140	3708
82	2842
114	2395
200	2159
114	833
737	2158
244	2995
82	2839
1	63
78	201
775	3452
9	1725
2057	2947
52	1768
78	445
1369	2746
82	2872
140	3353
82	2896
1161	1660
1691	2533
2111	2855
123	707
791	2922
82	755
82	2879
82	2854
82	2844
78	332
244	3003
114	2387
140	3409
82	1273
114	2317
82	2796
390	1268
1105	3027
56	2038
443	1259
114	2280
140	3856
1819	3477
78	395
360	2918
140	3562
200	2154
327	585
78	325
140	3545
385	1792
76	1715
929	3785
78	334
1	17
2737	2837
1	23
200	2201
53	2113
1280	1806
140	3627
60	109
1768	2254
1053	2839
78	411
62	1725
200	2170
140	3250
76	1627
56	1968
140	3837
2449	3968
426	2185
200	2220
1	19
56	1956
82	2800
390	1256
140	3469
82	2903
140	3654
78	190
200	2129
56	1973
114	2347
140	3277
1	57
140	3883
140	3558
107	3726
81	2564
878	1988
56	1965
15	1806
78	366
54	98
82	2904
1	58
53	2099
1330	1943
519	2476
2666	2837
1629	3293
389	3027
244	3002
188	697
284	1182
56	2021
82	1747
82	2840
78	390
140	3343
200	2153
114	2301
140	3780
1	30
56	2035
919	1972
140	3656
140	3784
2720	2864
2348	2867
172	2548
140	3752
195	3871
1691	2575
1809	2022
140	4043
140	3397
200	2183
1053	2389
51	823
76	1576
76	1540
1	40
200	2244
2015	2189
82	2882
390	1264
39	1588
82	2895
725	3174
811	948
56	1994
239	4093
200	2187
114	2353
200	2139
188	717
56	2030
60	273
82	2862
82	2825
114	2325
200	2137
56	2034
78	247
39	2737
1747	2737
188	849
876	2516
44	1588
114	2455
391	3234
188	605
82	2803
200	2236
101	786
188	637
94	1725
76	1577
543	3700
54	139
140	3937
78	412
140	3686
1	62
56	2025
1970	2109
45	1588
1273	1806
1168	2753
878	2000
1987	2832
390	1285
1028	1265
53	2104
1028	1617
200	2171
172	2556
878	2063
76	1758
82	2864
606	3205
449	2069
887	2771
1	25
244	2998
734	1923
2741	4087
1	60
140	3866
140	3612
82	2811
140	3874
140	3633
2413	2666
244	3011
140	3855
200	2180
140	3392
390	1277
78	294
78	256
76	1374
880	2587
286	2639
423	1062
122	2077
1	34
140	3919
140	3557
78	214
2063	2111
553	1365
82	2855
140	3905
114	2302
76	1444
54	104
151	2332
82	2884
195	3617
342	2531
244	3009
140	3801
390	1265
1821	3603
1641	2522
78	268
1139	1271
56	1972
114	2446
390	1257
1	14
76	1694
140	4029
893	2785
200	2219
114	2445
200	2249
82	2863
114	2426
82	2822
1833	2014
87	1902
78	460
140	3590
390	1273
184	3870
78	262
172	2523
200	2120
1560	3743
78	453
200	2199
140	3917
1013	2621
114	2423
140	3991
375	2271
200	2205
76	1636
1259	3334
1605	3311
117	390
2253	3463
76	1497
140	3993
1	70
1852	2253
188	855
140	3989
76	1726
140	3751
775	1943
200	2132
2868	3924
1	2
200	2166
35	1768
140	3834
172	2544
200	2242
1988	2737
114	2421
200	2133
2394	2666
543	2860
76	1751
1819	2118
45	2737
172	2537
127	1705
390	1270
114	2339
140	3898
78	209
140	3401
140	4000
1806	2288
82	2797
1	69
76	1719
82	2897
554	2525
91	3336
82	2902
950	3082
78	328
2111	2857
200	2238
1	51
1	36
82	2890
56	1984
140	3257
82	2899
380	2718
78	387
56	2026
51	109
390	1280
82	2836
76	1701
82	2877
76	1446
46	966
1355	1806
929	2367
1	24
114	2318
56	1955
82	2801
101	2679
140	3979
2199	3027
76	1589
39	878
82	2901
1	33
59	878
172	2525
439	1116
1552	3003
76	1766
71	72
140	3886
391	3426
200	2221
140	3972
2253	3635
140	3615
60	1725
176	1287
543	1705
1822	2736
200	2240
929	2392
590	2868
1053	2009
140	3614
1927	2103
53	2094
140	3921
140	3664
370	2831
76	1609
1800	2753
140	3910
200	2202
200	2241
140	4052
82	2870
82	2806
876	1259
76	1450
929	2375
82	1705
1809	3732
82	2834
390	1266
1	42
82	2881
76	1556
114	2389
1	66
76	1582
56	2012
200	2233
114	2453
1	32
123	2773
939	3959
76	1512
1768	2831
82	2845
1	67
1	26
78	258
82	2823
286	1414
56	1963
78	285
1028	2254
78	414
543	3752
62	316
46	1723
74	432
114	2379
82	2868
1	48
114	2304
286	3014
54	117
56	1958
74	311
880	1957
707	3546
1053	2837
342	2525
1817	3030
140	3787
82	2795
54	152
82	2852
140	3620
114	2311
140	4005
3027	3497
53	2095
390	1261
114	2327
114	2432
200	2172
1139	3820
2429	2737
82	2869
56	2037
78	302
82	2876
114	2358
2253	2837
114	2394
140	3660
200	2124
78	410
390	1274
140	3675
114	2346
140	3974
82	2831
82	2808
1806	2798
974	1021
188	683
1768	3872
333	516
78	304
76	1641
1	61
1	8
78	266
78	222
114	2338
114	2464
288	960
1448	1806
140	4032
140	3891
960	1595
1	52
78	396
78	352
203	893
60	2348
140	3853
62	3334
114	2409
140	3677
140	3961
90	2864
78	394
887	2392
16	1365
1355	2254
1	22
128	3330
200	2150
182	1287
823	2274
95	3061
1308	1370
244	3018
922	1747
1286	1471
80	3762
56	1948
200	2151
244	3000
279	3960
140	4044
142	390
387	478
140	3509
82	2875
1	29
53	2102
1768	3368
114	2361
140	3603
56	1990
76	1417
1927	1979
140	4037
390	1262
1270	1806
1	37
140	3822
114	2467
25	74
918	3174
140	3420
78	216
78	321
114	2393
140	3403
200	2146
200	2232
140	3820
390	1271
140	3783
200	2147
200	2212
200	2163
114	2400
200	2130
423	1067
51	3844
82	2874
78	376
127	2810
76	1724
1083	3634
82	2866
1	18
65	2718
56	1949
543	2905
188	725
140	3931
51	316
1430	2257
390	1278
2013	2271
56	2032
78	303
114	2441
1139	1273
114	2422
390	1263
140	3456
56	2023
1914	3245
82	2837
82	2802
390	1259
114	2466
140	3987
1053	1347
82	2848
1257	1806
390	1258
172	2539
2868	2966
1345	2746
114	2329
1802	2088
1588	4042
74	259
27	1819
390	1267
140	3504
147	1436
76	1671
423	1201
0	1
395	1202
114	2420
140	3555
82	2843
1	38
56	2016
140	3953
101	1437
172	2522
82	2871
419	3767
880	1973
2086	2087
82	2885
140	3960
172	2531
1806	2875
140	3534
54	130
76	1530
140	3328
1265	1970
9	2348
288	2088
140	3854
366	2119
225	1265
114	2370
114	2463
56	1940
82	2824
1806	2837
114	2399
82	2857
140	3347
78	311
140	3902
53	2108
82	2835
390	1276
114	2345
140	3986
82	2889
147	3649
60	1330
78	435
114	2343
140	3433
82	2809
9	1053
1819	1995
140	3538
78	337
114	2416
200	2245
1806	2730
56	1999
114	2384
82	2813
82	2878
244	3022
1899	2941
2036	2720
140	3592
75	1271
82	2846
128	1432
734	2839
1	41
140	3393
1817	3015
155	965
878	3699
2939	3368
98	390
76	1418
140	3637
56	1983
78	298
200	2143
1747	1817
128	3669
140	3764
59	1970
140	3254
82	2820
76	1518
76	1378
114	2413
78	211
188	514
200	2239
78	361
114	2356
140	3602
1	31
114	2366
27	1287
2392	2718
82	2859
140	3879
76	1462
54	103
56	2044
200	2174
274	1531
3208	3325
82	2838
140	4009
76	1437
2379	2737
114	2342
140	3282
566	1833
390	1284
200	2230
647	2677
82	2891
1	68
200	2209
647	2394
390	1260
78	397
82	2222
78	210
56	1992
172	2557
950	3926
2400	2718
1	35
140	3648
59	1588
82	2819
127	574
140	3852
402	679
82	2887
140	3589
56	1985
140	3775
875	3785
114	2390
78	356
390	1275
76	1779
992	2753
2111	3136
200	2203
140	4036
114	2456
140	3779
82	2888
140	3300
46	1700
56	2043
114	2319
391	3169
56	1959
62	2348
140	3983
140	3493
140	4040
114	2434
140	3429
1725	3649
1768	2009
122	2069
76	1522
76	1536
62	3844
82	2867
113	1546
59	2737
114	2289
140	3962
78	278
200	2208
76	1750
1	59
244	3026
114	2334
243	3090
1265	1768
140	3718
41	1768
200	2162
140	3772
78	433
54	170
1833	2856
530	4008
74	421
1824	2449
133	2867
200	2155
566	2850
200	2164
54	157
82	2805
200	2204
2348	3785
885	960
82	2814
225	2882
114	2440
140	3416
56	2005
411	851
56	1995
90	2837
76	1557
59	81
1	65
114	2312
1	64
82	2827
76	1638
1007	3655
140	4033
1	20
125	966
114	2404
904	3246
458	1194
9	390
114	2344
244	2999
114	2428
880	1943
78	282
76	1489
140	3819
56	1967
2662	3956
82	2880
76	1400
78	248
1	28
2601	3330
878	3004
606	607
200	2178
200	2237
2178	2237
2595	2878
581	1870
1139	1870
2305	2365
114	2365
140	2688
233	2688
470	3007
451	3007
200	2123
79	1802
76	1673
175	1673
172	2554
114	2281
2281	2380
114	2380
78	202
172	202
114	2351
2351	2352
114	2352
2792	4067
76	1709
89	1709
56	2000
81	2000
79	3669
543	1647
566	1936
2699	3927
140	3927
3296	4055
140	4055
83	947
147	947
242	428
78	428
1821	2103
1890	2103
1586	2973
221	647
2659	3073
140	3526
3526	3527
914	2637
225	3683
140	3683
1000	3785
730	1154
140	3629
140	3628
3628	3629
3258	4019
140	4019
385	1398
3924	3925
140	3925
53	2103
112	2103
114	2415
102	2415
140	3753
1316	3753
114	2443
342	2443
1613	1642
76	1642
629	2963
845	2526
1	15
781	1129
887	1265
54	129
89	129
402	2336
56	2004
79	2004
151	2110
2142	2783
803	2783
516	1107
76	1658
186	1658
960	1500
140	3499
3476	3499
82	2898
1	27
3295	3474
140	3474
95	1474
3276	3985
140	3985
140	3674
3317	3674
647	2857
1253	3626
244	2997
140	3575
3575	3576
140	3576
200	2168
200	2186
2168	2186
140	3511
3295	3511
1950	2720
1927	2118
2625	4007
140	3830
652	3830
107	1605
1334	2084
929	1979
3292	4058
140	4058
3266	3807
140	3807
1484	2996
444	1349
390	1269
1269	1279
390	1279
5	212
618	1839
76	1509
186	1509
140	4008
3242	3966
950	3981
1744	3110
39	81
267	2372
114	2372
1953	3010
543	2537
1108	1308
140	4007
2832	2994
221	2832
151	2858
82	2858
267	2376
114	2376
56	2036
277	2036
39	1970
1030	1467
2101	2402
114	2402
1970	2348
1345	1914
419	1914
101	2109
53	2109
151	3295
114	2457
876	3497
62	109
62	1053
380	2855
2855	3699
788	3215
2287	2388
114	2287
114	2388
53	2100
245	2100
618	2784
885	2561
2561	3200
1334	3870
416	3617
385	3969
93	2454
1432	1958
286	1432
286	1958
213	710
140	3454
3295	3454
742	2040
1218	2040
1030	1934
520	1605
76	1605
1308	3093
3928	3929
140	3928
140	3929
585	3541
815	3541
876	1371
242	277
1731	1732
76	1732
342	1581
76	1581
1736	1929
407	960
2015	2341
114	2341
1	44
44	56
76	1664
462	1664
795	1824
140	3559
3292	3559
342	2286
114	2286
1532	3093
200	2140
200	2182
2140	2182
512	1154
140	3449
3449	3476
140	3476
241	3204
140	3204
235	4073
504	790
188	790
920	2336
186	1575
76	1575
95	3185
1053	4060
140	3413
213	3413
140	3762
593	3762
114	2392
133	2392
932	1824
2323	2522
136	2433
652	3527
140	3527
195	3683
140	3678
3678	3679
140	3291
3291	3295
446	3858
140	3858
1108	2106
123	200
188	728
480	728
823	3870
3541	3712
140	3712
172	2540
2433	3311
1474	1559
1365	1486
2818	2850
82	2850
82	2818
588	1259
647	2892
2892	3311
246	2856
2234	2480
581	2767
691	832
188	832
1217	3027
76	1415
75	1415
114	589
82	467
140	4003
593	4003
1414	4063
380	876
343	894
1030	3828
273	3828
1977	1986
56	1977
56	1986
374	1032
1138	1366
1366	2085
114	2375
133	2375
1312	1819
1208	1312
3280	3998
140	3998
1924	2253
149	2253
2878	3173
1401	3173
82	2003
56	2003
3255	4006
140	4006
82	1265
81	1265
1	39
81	1988
56	1988
584	3700
140	3700
1	5
1813	2263
192	903
83	903
1139	3969
3372	3373
342	2499
13	960
1	9
56	2048
1611	2603
91	2527
172	2527
762	1833
932	3234
647	2433
1672	3896
42	316
42	93
140	3331
3331	3361
3729	4035
140	4035
3626	3681
140	3681
740	4027
2017	2033
56	2033
56	2017
948	2495
1768	3960
2737	3960
286	2118
1036	1493
383	3829
140	3829
3530	3531
140	3531
2296	3870
151	2295
2029	2981
140	3540
593	3540
2088	2278
53	2101
114	2101
277	3020
244	3020
1023	1365
2915	3924
958	2915
46	1000
172	2532
402	2532
140	3537
416	3537
2121	2126
200	2126
449	1820
893	3683
1028	3683
82	2799
1028	4073
155	4073
46	1806
1171	3050
893	1794
290	1794
56	1943
133	1943
903	1419
903	2972
609	860
2099	3601
2099	3460
233	2681
593	2681
221	876
915	3007
370	3007
244	3007
2941	3477
239	2218
687	781
1118	1433
1433	2856
2082	2482
1304	2482
1307	2817
3361	3373
140	3373
200	2152
2121	2152
1291	3266
93	1800
54	77
816	2117
286	2433
76	1702
520	1702
593	3285
82	2335
647	3231
172	2543
875	2543
873	2931
758	1433
2435	2994
140	3515
3258	3515
140	3553
3258	3553
1768	1943
1943	2718
114	2444
108	2444
2610	3608
2657	3112
652	3954
140	3954
27	2737
3314	4008
736	3266
788	1416
788	2215
188	619
588	619
932	2323
929	932
140	3888
140	3889
3888	3889
2027	2028
56	2027
2191	2206
200	2206
200	2191
56	1950
1950	2039
863	1768
2125	2141
3208	4093
15	133
1182	2856
4014	4015
140	4015
127	2335
114	2335
127	3926
917	1304
95	1618
764	1405
2064	2564
3258	3450
140	3450
76	1506
316	1506
1609	1871
1609	2011
102	148
54	148
2715	2716
378	2716
3108	3932
140	3932
1801	2098
1672	2537
1814	2537
74	182
74	204
182	204
78	182
1927	3404
2081	3404
140	3284
593	3284
296	1725
932	1485
233	2649
593	2649
929	1227
89	159
78	257
823	2892
273	2892
282	2088
419	1345
1833	1839
3505	3638
140	3505
140	3638
1028	2959
1046	2959
458	601
114	1411
1411	2297
918	3354
56	2008
92	2008
133	1259
823	3914
1127	3809
1084	3809
516	2106
80	1554
551	740
316	1501
76	1501
1116	2561
1819	3117
1824	2512
3405	3514
140	3405
54	158
54	159
158	159
74	962
13	962
78	283
283	284
928	1792
147	1810
202	4059
202	4060
95	3477
113	551
570	3677
2817	3677
1711	2641
1711	2593
566	941
1838	1927
136	1520
342	3870
1817	3870
543	2771
512	2771
466	699
949	2062
805	2062
76	1405
195	1405
282	2089
282	1365
1365	2089
74	176
74	253
176	253
78	176
78	253
893	4090
1028	4090
82	2815
2815	2833
82	2833
2088	2089
1053	2089
78	191
1793	3870
301	3870
967	1012
974	1012
791	2303
339	2788
127	2788
1483	3311
1483	3743
1585	1844
342	2454
241	3228
2263	3228
2547	2551
172	2547
172	2551
343	1772
2630	3790
140	3790
78	199
78	208
199	208
9	1768
53	2105
1713	2105
122	2085
178	960
1583	1584
76	1583
3332	3333
140	3332
3220	3793
316	1398
76	1398
342	2457
1927	2457
78	212
212	213
577	2055
984	2828
56	1979
89	1979
943	1979
3251	3649
140	3649
360	3649
875	1775
271	2256
140	3908
3710	3908
140	3710
1478	3710
82	2865
156	2865
140	4016
3823	4016
316	1591
172	2541
1074	4076
1330	3510
140	3510
1656	1927
255	3262
140	3262
2748	3141
2687	3237
878	1907
1828	1951
686	2177
200	2177
140	3411
3333	3411
1783	3245
2816	2994
554	3975
1346	3115
884	1346
140	3881
520	3881
217	594
3480	3969
140	3916
3109	3916
281	3641
140	3641
360	2391
588	3619
458	938
376	3115
699	2488
198	407
309	1182
309	3401
617	707
286	2799
1633	1935
919	4060
1139	2883
83	902
79	902
140	3579
383	3579
316	1402
76	1402
2913	3061
876	885
76	1431
560	1431
3616	3617
140	3617
1182	2013
2013	3401
1182	3401
841	1824
543	1276
76	1503
316	1503
155	3913
3285	3613
140	3613
815	1356
114	2439
2315	2439
884	2457
155	2457
235	4064
1031	4064
140	3351
1666	3351
145	2106
156	1776
75	1776
1202	1932
2648	3087
730	2323
659	1969
56	1969
887	1969
3733	3973
140	3973
128	2909
1371	2222
2630	3663
140	3663
107	1980
56	1980
770	2268
140	3256
2630	3256
1330	3496
140	3496
376	887
593	4004
140	4004
370	2548
2548	4063
86	2112
53	2112
281	3955
140	3955
82	2812
2812	2821
82	2821
515	2996
316	1411
76	1411
566	1448
252	2995
929	2995
140	3871
2630	3871
910	2522
75	2522
2753	3906
140	3655
1416	3655
3174	3963
1806	1810
362	1810
362	1806
101	1806
172	2549
279	2549
2630	3808
140	3808
90	1844
3626	3890
140	3890
267	2297
114	2297
1310	1744
2117	3699
380	3699
380	2117
200	2181
200	2179
2179	2181
3364	3365
140	3365
732	893
647	4049
789	1987
3849	3850
140	3850
939	2385
2088	2799
1074	2088
438	3452
140	3452
513	1898
1736	3038
608	1185
608	2577
140	3463
593	3463
76	1469
441	1469
94	1507
239	275
78	275
687	3626
326	434
78	434
316	1463
76	1463
1470	2995
89	2995
1371	2995
140	3519
3519	3549
569	4060
56	1974
102	1974
140	4054
2630	4054
1438	2158
939	1802
195	1896
82	2829
82	2851
2829	2851
885	3971
82	2009
72	2775
1802	1817
3333	3642
140	3642
140	3619
2630	3619
950	1237
1028	2778
378	2778
144	2900
458	3715
1222	1944
1944	2084
540	951
1080	3849
18	416
18	316
2793	4060
239	3581
1171	2111
136	2077
449	2077
123	2737
140	3781
354	3781
2222	2601
1334	2222
142	163
54	163
54	142
196	197
658	4093
82	2892
81	2892
458	1818
686	2243
200	2243
1139	2798
81	2798
82	2798
1772	2468
114	2435
1	16
2773	3497
1334	3497
1023	2088
1023	1053
3379	3851
140	3851
140	3595
3427	3595
919	3028
3352	3802
588	2540
478	2540
155	2540
172	2555
305	647
3536	3835
140	3835
140	3536
3333	3536
2630	3467
140	3467
2010	3050
1053	4023
677	4023
530	3122
655	1725
326	1818
1818	1819
967	980
974	980
1927	2931
1817	2048
1053	2048
91	2048
1565	2516
2385	2753
2010	2271
2828	3185
140	3497
3259	3306
140	3306
287	3743
242	2784
1817	2784
580	3325
374	4060
4059	4060
922	2882
93	2882
69	588
69	140
69	2630
3217	4011
140	4011
79	886
271	3100
220	1036
343	2013
458	2013
101	2001
3841	3992
140	3992
3624	3653
140	3653
46	2773
3733	3735
140	3735
74	961
13	961
78	333
56	333
188	729
1164	3099
3273	3957
140	3957
79	2799
1074	2799
1817	2785
242	2785
438	3867
140	3867
2430	2510
95	2430
78	359
359	370
2271	2555
76	1698
316	1698
875	2900
3185	3311
1372	2516
2254	3568
2260	3568
114	2377
91	2377
2215	3909
140	3909
223	851
76	1525
316	1525
1033	2512
296	2435
155	2435
868	1027
200	2185
686	2185
440	1725
929	1215
195	2816
200	2207
166	2207
2700	3611
82	2828
1370	2690
1370	3354
175	2131
200	2131
3607	3823
458	2219
1401	2219
1824	1884
82	2810
138	1802
81	1802
1802	1833
151	1880
1161	1356
438	3976
140	3976
316	1723
1047	3949
140	3255
2630	3255
79	317
1793	2433
195	1995
458	1995
554	1171
486	553
2630	3591
140	3591
686	2214
16	887
16	56
16	82
2633	4051
140	4051
223	1203
1769	3386
1769	2215
140	3283
3251	3283
2294	3050
101	1791
1894	3311
1888	3311
2856	2996
647	1989
3086	3174
140	3556
593	3556
407	512
232	407
78	407
3795	4014
140	4014
647	2783
644	1813
391	2561
1053	2561
82	1051
178	499
286	3926
974	987
967	987
588	941
686	2195
2667	3610
46	2348
2253	3497
647	914
1373	1745
76	1745
2630	3341
140	3341
2773	3669
1304	3669
822	931
931	3161
734	931
1783	2349
114	2349
343	2541
458	1347
1665	1793
734	1850
878	2454
114	2454
151	287
876	3231
1975	2085
1927	2433
342	2433
3733	3878
140	3878
918	1945
2215	4010
140	4010
171	2986
959	2350
1547	2925
473	2925
1791	1891
1046	2429
140	3539
2630	3539
670	2928
566	1600
1334	1490
90	1448
910	1448
1416	2215
899	1909
78	330
106	330
140	3880
3707	3880
647	930
930	2753
1470	2385
76	1684
316	1684
875	3669
1793	2900
76	1699
444	1699
267	657
1528	1838
1527	2178
851	2178
316	2122
80	2122
1089	1443
140	3387
3387	3388
140	3388
3388	3492
458	3477
501	1696
2567	3632
140	3632
772	3930
140	3930
54	167
105	167
54	105
2022	2807
82	2807
2630	3661
140	3661
2743	4094
587	1584
742	1394
76	1618
273	1618
2608	4026
1196	1912
3205	3906
291	1970
1053	2817
1341	3849
734	3849
188	713
127	1215
316	1259
732	1775
585	3821
593	3821
140	3821
2800	3103
1578	2800
2470	2886
2886	2953
2470	2953
140	3287
2630	3287
613	1749
1182	2953
140	3273
531	3273
140	3758
3658	3758
140	3658
2630	3658
1001	2753
647	1001
233	2586
2585	2586
2584	2586
79	2070
175	1863
326	1863
215	1863
1193	2787
273	2787
3746	3747
140	3746
2630	3746
140	3747
2630	3747
566	3859
1419	2972
76	1753
556	1753
1752	1753
556	1752
76	1752
2596	2597
233	2597
2570	2597
458	2541
595	2541
15	112
15	102
15	56
2584	3130
2585	3130
39	342
39	56
39	93
140	3190
241	3190
1316	3190
3253	3498
140	3498
3292	3498
140	3292
3253	3292
223	2841
2538	2841
82	2841
2853	2893
82	2893
2893	2894
82	2894
2853	2894
82	2853
21	204
189	204
78	204
78	189
21	78
21	189
531	1447
76	1447
537	1447
45	2348
83	162
54	162
128	162
3244	3441
241	3213
354	3213
416	3213
138	191
138	1887
138	1287
1287	1887
191	1287
171	2978
566	2978
688	2978
678	1631
604	1631
76	1631
3280	3295
188	846
498	846
566	3573
3108	3573
140	3573
416	3203
140	3203
241	3203
949	2891
1601	2891
2704	2891
140	3383
2272	3383
3226	3383
951	1981
155	1981
56	1981
150	286
1548	2868
516	2868
2868	2935
27	1927
802	1039
3715	3716
140	3715
3715	3717
3716	3717
140	3716
566	2990
688	2990
171	2990
1151	1376
950	1238
799	3325
752	1163
752	1206
186	1630
473	1630
76	1630
263	1880
3244	3440
2047	2732
875	1887
872	1887
191	1887
191	872
191	875
2599	2647
233	2647
652	2647
3650	3884
3345	3884
140	3884
1353	1354
1353	1355
413	1353
1153	1849
279	1849
515	1849
1222	2084
184	3205
109	2118
53	2118
81	2118
342	2359
2294	2359
114	2359
168	2485
343	2485
458	2485
1028	2429
869	2071
80	2856
375	652
122	2078
502	2078
2061	2078
1519	1520
76	1520
118	1520
140	3269
3269	3823
3269	3644
165	4077
56	2013
102	2013
79	2013
1470	2430
913	2430
1078	1198
1223	2599
1223	3230
570	960
2737	3065
3470	3569
3472	3569
925	2064
466	2064
81	2732
3126	3490
140	3490
416	3490
292	3293
140	3293
416	3293
54	124
74	124
56	124
1892	1905
887	1905
138	1905
342	2417
342	2418
2417	2418
114	2418
114	2417
370	2117
567	2595
3977	3978
3840	3978
140	3978
93	1505
919	1505
76	1505
2841	2994
2118	2637
443	2118
2118	2753
107	2508
875	2254
875	2256
418	3231
2097	2098
1971	2098
1048	3632
416	3159
241	3159
292	3159
860	1961
140	3926
1028	1346
217	375
3253	3745
3251	3745
140	3745
1821	2732
1873	2732
109	2732
233	2589
140	2589
406	2589
416	3134
241	3134
1185	3134
785	1472
677	1370
915	4076
55	232
140	3659
3253	3659
3313	3659
235	4069
419	4069
286	4069
466	2564
452	698
515	698
188	698
553	2055
553	2559
553	2058
186	1666
232	1666
76	1666
3309	3508
391	2255
391	2258
1244	4086
2742	4086
385	1780
76	1780
449	1780
2689	3812
1308	3812
140	3812
99	1817
1817	2847
1028	1569
114	2465
2461	2465
2462	2465
76	1358
1358	1359
308	1358
2316	2431
267	2431
114	2431
1809	1970
1122	1547
175	3439
76	1681
531	1681
228	1681
255	3355
2602	3355
140	3355
423	1065
915	1065
796	1065
567	1476
1020	3356
233	2687
652	2687
2599	2687
3251	3415
140	3415
2630	3415
3431	3689
3689	3766
950	3933
950	2524
1817	2115
286	2115
82	1792
3357	3378
2630	3378
140	3378
1028	2814
2814	3143
273	2814
297	2323
297	929
1731	1773
76	1731
1731	1774
76	1774
1773	1774
76	1773
140	3274
3274	3276
3274	3275
3275	3276
1357	2022
3697	3734
3733	3734
140	3734
3697	3733
140	3697
3434	3943
1179	1637
483	1198
483	3117
140	3657
127	3657
393	3657
963	965
963	964
125	963
125	964
125	965
964	965
932	939
564	2982
171	2982
516	2982
1309	3786
76	1595
179	181
179	180
78	179
180	181
78	181
1308	3776
140	3265
3264	3265
3265	3266
1171	2071
2368	2369
115	2369
1321	2369
114	2369
1227	1487
1361	1511
930	2064
1227	4062
53	2115
2114	2115
113	2115
113	2114
53	2114
1824	2994
221	3626
219	3626
72	3626
353	3626
1316	3968
342	2386
114	2386
1783	2386
2856	3792
82	2606
804	4049
1601	4049
726	2694
378	2764
1028	2764
235	2764
481	3632
370	3632
1139	3632
924	3632
684	1460
76	1460
1460	1461
232	3971
644	3971
1357	3971
75	2927
172	740
76	740
188	740
91	1970
45	1970
56	1970
53	2110
2110	2116
53	2116
1068	2116
151	1783
46	950
647	939
1775	2623
140	4042
136	4042
383	4042
478	2178
1297	2178
700	2178
449	1129
939	943
231	1602
1383	1486
226	2753
226	3742
226	647
588	1595
136	1595
554	1595
3329	3330
140	3330
2630	3330
1357	2971
1176	1983
632	1983
140	3709
3266	3709
3578	3709
78	327
93	327
172	327
1668	2272
3364	3662
3258	3662
140	3662
140	3364
3258	3364
1365	1504
594	2792
2792	2793
339	2793
127	2793
3	6
1	3
3	878
3	4
2474	2506
1334	3645
2776	3645
851	1039
1470	3669
233	2695
1308	2695
2694	2695
380	2526
543	1259
864	1788
1410	1824
279	1997
279	2847
5	1359
353	1356
415	2792
91	2792
927	2792
446	3869
292	3869
140	3869
2523	2905
82	2523
223	2523
82	2905
223	2905
1891	4091
878	944
83	944
879	944
2294	3027
2294	3036
2284	2285
114	2285
2283	2285
383	1944
12	74
11	74
200	2227
2225	2227
2226	2227
2225	2226
200	2226
200	2225
140	3428
3426	3428
3427	3428
3426	3427
140	3426
1586	4077
360	4077
305	2792
2264	2792
1139	2792
1306	3498
1077	3498
823	3498
2294	2412
114	2412
267	2412
3126	3278
3126	3249
3724	3725
1016	3725
140	3725
56	1952
1139	1952
305	3231
1401	2499
413	1352
393	1888
2791	2792
339	2791
339	1652
1541	2791
1652	2791
244	288
1768	2294
2294	2729
2475	2553
95	718
718	1528
2323	2994
1202	2994
79	2994
627	1129
627	4027
627	1519
93	1705
76	1705
1053	1705
172	1705
2320	2425
354	3051
299	3051
243	3051
308	1416
470	2073
1	6
140	4039
467	4039
3145	4039
652	3389
2052	3491
2055	3491
3124	3767
443	721
721	2948
707	3323
1484	2704
3258	3813
3673	3813
140	3813
2001	3513
2294	2711
364	365
177	365
78	365
2922	4057
727	2123
1159	2123
604	2123
587	1720
794	3600
593	3600
140	3600
510	2335
566	2335
588	2335
582	748
188	748
499	748
137	2550
140	3326
3326	3327
3325	3326
543	2767
140	3436
3435	3436
2628	3436
114	2433
106	2433
81	2433
79	1926
616	1472
478	2754
1617	2515
970	4046
971	4046
82	2228
591	1467
76	1467
273	1467
901	1153
749	3483
377	685
476	1028
1927	3215
426	2774
376	1507
376	1743
376	896
188	857
188	856
504	857
856	857
504	856
507	4068
1139	1796
301	1796
290	1796
686	2200
374	1028
279	2105
918	2105
1574	2105
438	3484
140	3484
2630	3484
1	46
3861	3862
140	3862
383	3862
383	3861
140	3861
53	2106
121	2106
79	2106
918	2106
1139	2106
106	2106
515	2106
730	1202
834	1120
342	427
1	45
430	3386
76	1722
136	1722
1425	1722
114	644
1727	4093
147	2792
718	913
718	929
271	718
924	2932
217	1040
800	801
458	2118
588	2118
95	2118
2666	2694
114	2461
2461	2462
2333	2461
406	2673
82	2886
780	3348
546	3482
588	1663
171	2942
2941	2942
520	2942
316	607
1507	3926
297	2469
1032	2469
297	1032
297	1060
2223	2224
2121	2223
200	2223
200	2224
2121	2224
76	1706
591	1706
1706	1707
721	1824
82	1962
72	1457
76	1457
802	1457
543	833
833	1057
1821	2002
56	2002
192	2002
350	1993
76	1720
488	1720
520	1720
340	2526
880	2526
172	2526
286	2526
128	2117
1054	2515
1203	2515
613	1129
1243	1976
140	3425
3266	3425
354	3425
1396	3844
75	2555
93	2555
458	2772
140	3795
3361	3795
3766	3795
390	1283
1282	1283
1281	1283
1281	1282
390	1281
390	1282
2529	2922
1129	2946
739	2946
653	1129
739	1129
1139	3785
1478	2554
2554	2953
575	3586
140	3586
1330	3586
698	1044
698	1233
698	1166
220	370
458	1617
76	1617
1459	1617
1434	2669
1434	1990
284	1434
3385	3391
3385	3390
140	3385
3390	3391
140	3391
2630	3391
54	153
2476	3237
140	3785
370	3785
102	3785
709	2510
501	1174
118	330
415	927
401	3390
426	3390
292	3390
1876	2041
2041	3696
2041	2686
319	2748
593	3665
140	3665
1330	3665
128	1911
402	621
3380	3913
2706	3913
380	845
1971	2294
563	3911
140	3911
3114	3911
1510	1586
319	1510
1122	1782
140	4023
140	3419
140	3626
223	1515
301	2098
53	2098
707	3870
135	2728
470	757
1098	2743
398	3189
3062	3189
241	3189
423	1219
796	1219
915	1219
54	125
2744	3076
1069	3076
2018	2019
56	2019
2019	2020
56	2020
2018	2020
56	2018
3258	3372
330	2323
330	2328
109	330
3195	4027
1180	2098
2638	2639
438	2639
233	2639
2570	2639
2575	2639
233	2638
236	457
2061	2555
2001	2965
79	439
2737	3981
2300	2354
930	2509
2480	2776
1334	2480
1005	2630
1578	3103
1544	3904
83	940
79	940
937	1837
56	1982
353	1990
1175	2856
552	1864
1030	1623
1118	2111
1945	2081
1917	1945
140	976
2746	3067
2096	2746
1639	3020
699	3913
3913	4057
3523	3791
3245	3791
305	1082
305	1108
239	254
590	2142
3295	3666
3253	3666
115	2368
984	986
985	986
967	986
3689	3690
140	3689
3305	3689
1416	3597
2320	2371
267	2371
114	2371
3571	4049
3571	3849
140	3446
438	3446
3446	3836
546	1326
951	2088
1365	1893
238	239
78	238
238	240
195	238
147	2275
114	2313
2313	2314
2295	2313
863	2190
1546	2609
140	3507
140	3506
3506	3507
2577	3506
2577	3507
2572	3414
593	3414
140	3414
960	2085
487	2085
1138	2085
378	2726
3249	3873
140	3873
3278	3873
140	3705
618	1217
1228	1383
143	1098
114	2058
652	1584
566	1293
588	3975
3180	3975
140	3975
140	3329
3329	3434
2630	3329
530	3288
186	3020
229	3020
2575	3776
1880	3776
563	2115
1076	2115
1935	2115
1309	1328
1303	1309
172	1413
1838	2041
140	3451
613	3451
566	3451
269	1593
1093	1593
80	1593
331	589
1666	3219
140	1666
794	1666
1443	2513
1192	3363
1177	3363
652	3363
3174	3363
140	3363
1171	1993
1792	1993
82	2856
128	2856
115	2856
184	1325
910	4057
734	3052
355	3052
243	3052
706	3114
673	3100
3567	3569
3568	3569
140	3569
423	1243
1099	1243
563	1823
556	1823
3295	3693
3290	3295
458	2554
590	1756
331	590
331	1756
805	2398
893	1781
477	3174
76	1412
452	1412
520	1412
1944	3442
1185	1944
1176	1944
652	1944
76	1735
1734	1735
436	1735
901	2529
652	3964
140	3964
2630	3964
273	3497
1139	3497
823	3497
1817	3497
687	1129
1824	3177
554	926
588	926
1371	1860
140	3924
566	810
809	810
188	810
566	809
188	809
974	1022
973	1022
972	1022
76	1675
80	1675
107	1675
713	929
958	1611
708	1223
1031	1223
423	1223
879	1276
308	1276
90	1276
279	2911
1430	3699
2630	3285
2630	3372
243	3069
3029	3069
225	3069
1547	2516
1547	2515
1459	1547
2064	2515
1459	2064
72	4038
2629	3470
140	3857
3313	3857
3251	3857
1063	1545
1205	1545
1527	1545
444	3087
243	3087
353	3087
1764	2509
563	2509
73	2810
2810	2911
75	2810
73	2911
880	1803
550	4093
2189	2718
588	1482
870	2098
870	1053
870	1817
243	3034
2697	3034
215	3034
241	3085
2782	2786
1817	2786
242	2786
518	3058
76	1648
300	1648
106	1648
5	919
1960	2977
3419	3626
2008	3626
3626	4023
2008	3419
2008	4023
3419	4023
157	1910
3264	3622
242	1817
349	479
90	2256
887	3271
2215	3669
225	3669
140	3669
2776	2996
72	3533
128	246
140	3652
1330	3652
566	3652
56	2007
1482	1727
575	3912
140	3912
3406	3912
114	894
784	2666
140	3564
2696	3564
416	3564
1161	3072
1716	1717
1717	1718
76	1717
1716	1718
1139	1730
76	1730
106	1730
200	2169
200	2246
200	2247
2246	2247
2169	2247
2169	2246
3333	3920
126	2721
604	1714
76	1714
678	1714
873	938
240	1792
240	1791
92	3669
56	2028
342	2028
449	2028
1578	3354
1578	2690
1578	1824
860	939
458	2623
3237	3859
195	1510
458	1510
76	1510
1817	2782
623	731
824	1553
140	3995
416	3754
1330	3754
140	3754
232	718
2726	2737
884	2726
2718	2726
140	4047
140	4048
3316	4048
4047	4048
3316	4047
1046	2524
172	617
136	617
501	3483
1546	1708
588	2966
2966	3058
2333	2462
2442	2462
114	2462
919	2832
107	2832
1419	2057
1108	2555
481	2555
2056	2555
1139	2555
675	1819
369	2254
369	2260
369	2256
140	3907
652	3907
383	3907
3438	3906
184	3438
140	3906
589	3046
927	2111
2001	2561
219	2561
218	2561
1218	2367
426	2367
277	908
83	908
874	908
866	908
1964	2097
53	2097
1971	2097
53	1964
1964	1971
1149	1304
192	3971
383	3971
140	3971
903	1637
574	903
1851	1929
1851	1899
240	1851
416	3901
540	2856
2215	2856
111	2856
1069	2856
527	3949
114	2414
1783	2414
267	2414
91	1383
76	1383
107	1383
1240	1502
724	3793
225	3793
530	795
795	1472
1357	2781
292	858
188	858
452	858
578	858
86	2300
86	2381
2300	2381
114	2381
1811	1812
147	1811
362	1811
198	484
3313	3824
140	3824
3251	3824
1	4
1	49
1	50
1	7
770	903
903	1172
903	1076
78	392
279	392
172	392
682	1476
78	437
1161	3981
1764	1870
652	3997
3223	3943
3608	3943
734	1981
1076	1981
1164	1981
2790	3050
331	1821
466	930
308	3316
442	3316
370	3316
244	3012
2912	2917
73	2917
543	2917
2680	3508
286	1802
1775	3370
543	2083
95	931
898	931
83	931
136	220
2605	3793
2605	3727
2605	3970
3793	3970
3727	3793
140	3793
188	718
470	718
458	718
127	2041
1063	3185
595	3185
937	1674
353	3276
1603	1941
72	77
77	1528
77	95
198	960
425	3581
340	3581
458	2513
3026	3218
543	1435
1435	2737
1435	2718
1435	3027
290	1802
1793	1802
893	1802
1802	2486
1802	2473
145	161
54	161
107	161
200	2122
2122	2210
2122	2176
922	2724
198	540
279	3669
80	2350
114	2350
127	2385
114	2385
111	2770
2228	2770
3796	3797
2630	3796
140	3796
140	3897
354	3897
3266	3897
286	422
131	2952
1903	2927
156	2927
73	2927
971	1009
969	1009
9	82
9	81
9	56
9	1139
9	823
620	2090
751	2759
483	1361
1010	2621
1010	1320
851	2965
1759	3209
386	835
835	1443
1552	2144
1334	2719
1323	2719
2906	2908
2906	2907
82	2906
82	2908
82	2907
2907	2908
939	2582
225	939
233	939
423	1254
255	1254
312	1254
675	1519
1993	2071
1993	2082
939	1993
320	1993
46	1649
383	3278
140	3278
3249	3278
2841	4080
1695	2215
1470	2117
1169	3061
910	1116
343	1041
102	439
78	439
409	439
93	439
439	2271
1517	2210
1517	2176
2041	2718
360	2081
55	172
13	959
1072	1406
132	693
1824	3168
90	758
471	1215
257	458
257	548
257	851
132	257
1311	2776
566	875
123	144
1619	2296
529	1092
386	3140
1443	3140
686	2248
200	2248
2192	2248
478	3497
145	3497
621	2262
950	1186
454	950
454	1186
1831	1832
95	1832
326	1832
1546	1823
2254	3020
2258	3020
2260	3020
140	3571
383	3571
2692	3571
930	1483
873	1483
236	237
235	237
78	237
1643	3427
3546	3567
2779	2954
915	1066
423	1066
502	1066
3514	3802
3285	3802
140	3802
3802	3803
3802	3804
140	3804
3803	3804
566	2751
695	915
241	3029
225	3029
243	3029
939	1411
1411	2051
1411	2052
2753	3870
140	3870
3354	3870
380	1107
380	2592
714	755
960	2922
2138	4063
1118	2138
2138	2750
349	1221
187	3699
187	3209
9	316
3370	3906
370	1348
413	1348
1348	1356
1053	2098
1836	2041
876	1041
635	1384
864	876
2545	2546
763	2546
172	2546
763	2545
172	2545
1363	2718
1384	1951
647	1416
443	1416
126	1546
550	1727
172	763
279	604
503	2654
615	950
447	928
2176	2980
197	2176
1862	2176
286	2500
168	2500
1168	2500
1781	4084
1129	4027
1519	4027
1519	2510
1276	2601
1276	2773
1276	2939
884	1872
326	1867
1867	1869
1867	1868
326	1868
1868	1869
326	1869
1384	2854
1448	3014
1819	2878
1401	2878
803	821
140	4026
2692	4026
3174	4026
741	2053
2001	2994
878	2184
127	2184
694	791
188	791
577	1034
596	1034
188	781
694	3821
343	3821
458	3821
195	3821
350	1971
350	1891
261	1917
1917	2081
223	3100
223	1052
368	2090
383	3249
140	3249
299	3249
1196	1817
1517	1950
1950	2234
1546	1950
53	2117
824	2117
670	1764
711	3120
502	2841
873	930
694	2860
588	1899
588	1898
487	1806
195	1806
1368	1806
299	3548
3547	3548
1363	3027
1459	3129
279	1574
686	2128
1389	2128
200	2128
322	323
78	323
225	323
140	2678
438	2678
233	2678
217	652
1486	2121
2121	2184
200	2121
232	2745
1823	3215
1016	3724
419	530
3118	3359
647	3128
90	886
83	886
449	2747
713	1883
78	363
1053	1849
1395	4007
95	3196
1817	2754
2056	2754
1584	2754
707	2056
1584	1824
478	1584
920	1909
91	927
343	909
892	2913
764	1048
1089	2142
331	1089
736	3636
140	3636
383	3636
932	1847
82	2900
123	2718
1756	2142
95	3144
3367	3408
219	353
543	3086
243	3086
555	1129
781	3245
638	781
652	781
781	3308
483	1511
2630	4053
1891	1918
113	441
391	2509
3025	3174
326	1820
555	1820
458	1820
1401	1820
875	2816
1055	2149
604	2149
686	2149
985	3340
984	3340
991	3340
56	938
83	938
287	938
90	938
716	4008
273	4008
4008	4063
2323	2550
2090	2323
121	1993
2323	2478
1034	1303
3352	3522
3303	3352
93	3012
875	2977
1334	2217
878	2007
74	2007
824	2007
287	2564
927	1552
742	3100
1375	2981
919	2093
140	3593
3258	3593
3352	3593
600	3237
1783	2452
200	2192
1616	2192
686	2192
1183	1756
533	1218
673	1218
915	1218
125	244
1320	3447
128	2350
976	3376
391	2728
2694	3091
88	3914
887	2009
106	2009
56	2009
937	2009
627	1115
123	2111
123	2720
195	2986
794	4068
2215	3185
891	1425
3500	3503
140	3500
3500	3502
3500	3501
3501	3502
140	3502
3502	3503
140	3501
3501	3503
140	3503
82	1954
140	2491
101	1807
362	1807
1807	1808
362	1808
101	1808
1808	1809
362	1809
101	1809
923	3208
1672	2837
734	2837
2837	3237
1528	2837
745	1821
2994	3682
195	4094
1484	2941
2199	2941
2010	2941
1484	2199
2010	2199
2199	2856
1484	2010
2010	2856
2856	2941
1484	2856
923	1484
123	277
549	3097
549	3094
549	3095
5	1365
151	2782
647	2782
822	2782
950	1228
5	3027
5	2737
155	297
172	297
78	297
2288	3139
245	2753
659	4007
291	2983
171	2983
1528	2983
286	1695
1603	2071
1535	1854
819	1233
939	3491
3422	3588
1783	2458
140	3875
3875	3877
3875	3876
3251	3875
3876	3877
3251	3876
140	3876
501	958
501	1443
393	3996
932	3129
291	3214
291	2773
1053	2900
1817	2900
1637	4079
574	4079
1458	1983
726	1096
3447	4046
3296	4046
54	110
93	110
110	155
74	110
219	591
54	126
458	2878
1443	2878
2878	2932
1028	2878
851	2878
851	2932
1028	2932
1443	2932
318	1858
318	1860
318	1429
318	1428
630	4060
340	4060
3491	4060
188	617
1756	3696
3028	3696
55	904
656	1759
470	1983
898	4080
707	1030
543	757
545	757
497	757
188	757
2630	3361
3361	3766
530	1112
1656	3060
2608	3163
2607	3163
292	3163
241	3163
1443	3012
386	3012
458	3012
90	937
3309	3729
140	3729
3465	3729
3729	3773
474	532
195	3497
75	3497
910	3497
1053	3497
1234	1356
1031	1356
521	3039
896	1507
896	1743
1663	3006
3471	3472
3323	3472
3470	3472
140	3472
3470	3471
140	3471
3323	3471
3323	3470
574	3187
712	3187
972	1002
973	1002
974	1002
967	1002
2621	3051
2635	3051
2682	3051
852	1514
669	2793
53	1606
799	1771
799	1137
525	799
724	3239
241	3239
3238	3239
416	3239
555	1764
596	2470
495	3054
2900	3174
416	2900
114	2324
2300	2324
2299	2324
458	2499
128	2480
960	2860
102	1535
114	1535
95	1329
556	1329
228	1848
488	1848
1835	1848
326	1848
770	794
413	1355
413	1354
297	1909
297	2470
297	1094
240	2470
1909	2470
1094	2470
2084	2470
1817	2470
913	2470
1927	2470
206	1544
307	1544
2638	3825
2638	3724
438	2638
140	2638
438	3825
140	3825
3724	3825
1603	2436
233	2691
2691	2692
416	2691
567	606
2091	3028
1819	2654
751	3033
2250	3208
2251	3208
2254	3208
2594	2983
1637	2983
745	2983
2323	2921
1031	1345
668	1215
114	2340
2300	2340
2299	2340
1330	3062
644	2022
198	2022
1340	2022
82	2022
82	2040
2022	2040
56	2022
455	2022
370	3173
531	1727
1824	3063
3934	3936
2691	3936
3935	3936
140	3936
140	3935
140	2691
140	3934
3934	3935
2691	3935
2691	3934
140	3368
3368	3766
3289	3368
3367	3368
1000	3670
342	2437
2383	2437
114	2437
2436	2437
370	1500
1028	1500
164	223
851	1975
409	2098
286	2098
1817	2098
1927	2098
1485	2781
89	1759
46	1759
657	2594
9	1330
9	3334
9	2630
391	3027
391	3129
113	2042
2041	2042
128	2042
56	2042
113	2041
543	730
406	2605
1935	3995
295	656
512	2385
1028	4081
342	811
465	811
811	1138
56	363
56	1023
56	1024
1023	1024
363	1023
115	1023
363	1024
115	1024
115	363
160	1357
362	878
734	2921
1052	1749
3345	4046
969	4046
989	4046
140	4046
3457	3460
3458	3460
140	3458
140	3457
3458	3459
3457	3459
3457	3458
331	1997
331	2832
814	1989
2591	2747
1338	2747
379	2747
1338	2916
379	2916
2591	2916
233	2636
2572	2636
2291	2403
114	2403
2292	2403
1421	2915
887	2915
793	2550
1324	3594
229	3594
1514	2595
441	3482
403	1983
1236	1983
1835	1983
3434	3544
140	3544
3349	3544
576	1167
624	1167
891	1464
891	2946
679	3427
219	3427
219	679
1320	2745
2648	2745
2612	2745
2568	2745
516	2040
301	2268
1224	2111
56	2024
112	2024
165	2024
81	2024
2320	2405
2320	2406
2320	2407
114	2407
2406	2407
2405	2407
114	2405
2405	2406
742	1218
543	1218
681	2922
308	2986
2550	2986
454	2986
1252	2986
45	878
3470	3977
383	3977
3840	3977
140	3977
140	3470
383	3470
3470	3840
140	3840
383	3840
184	629
929	1594
3076	3237
2288	2498
1768	2913
543	2913
73	2913
2912	2913
3245	3532
383	3532
3246	3532
140	3532
1443	1519
2630	3833
438	3833
3356	3833
140	3833
652	1783
1783	3994
554	2262
3253	3877
3313	3877
3251	3877
140	3877
2328	2911
1042	2190
658	2641
1824	2641
2593	2641
3944	3946
3944	3945
140	3944
3666	3944
3666	3946
3945	3946
140	3946
3666	3945
140	3666
140	3945
730	1442
1112	3844
188	634
505	634
499	634
504	634
1862	2277
301	1517
82	2092
574	603
1150	3021
90	3100
166	1847
1107	2592
225	3221
255	3221
241	3221
140	3221
2594	2922
1207	2922
2006	2088
343	2701
530	2213
588	2213
2056	2994
83	932
215	1500
76	1500
1499	1500
228	1500
1864	2517
1824	2517
2517	2971
543	2367
140	3956
736	3956
2685	3956
2269	3956
1135	1493
1171	2766
1203	1459
1054	1459
486	863
2632	3904
516	679
292	679
551	679
188	679
669	1115
544	876
242	1645
242	2780
242	2781
1645	2780
1645	2781
1645	2782
2780	2781
2781	2782
2780	2782
375	1300
375	2022
504	2022
373	2022
1300	2022
373	1300
504	1300
373	823
1914	1997
383	3828
1308	3828
140	3828
1422	2856
1061	1422
82	2482
5	3334
1026	3959
1152	3959
1163	3959
3258	3492
140	3492
3492	3580
3361	3492
286	4076
520	1570
452	1570
1569	1570
76	1570
1243	1939
174	1975
929	2997
893	916
83	916
762	916
915	916
916	950
83	950
391	707
391	2253
56	1975
2935	3842
3583	3584
3582	3584
2630	3584
140	3582
2630	3582
3582	3583
501	551
478	1614
76	1614
480	1614
556	1614
2628	3491
3226	3491
530	3728
107	2138
200	2138
1616	2138
1202	1917
1109	2818
90	2759
224	2385
370	1345
3071	3238
3070	3238
753	1198
939	4095
239	4095
4094	4095
2052	4095
2052	4094
239	4094
939	4094
90	413
1199	3152
246	2914
2816	2914
156	2914
73	2914
1326	3508
1328	3508
1	55
1	54
1	53
1	56
54	55
55	156
53	55
55	1976
55	2047
55	56
1342	1349
413	1349
1349	1356
370	1349
1342	1356
413	1342
370	1342
370	1356
413	1356
768	1707
79	3743
1884	1929
1054	1237
1039	1196
920	1039
423	1039
89	1039
155	1039
1028	3926
734	3926
273	3926
444	3926
1233	1716
1026	1716
83	927
74	927
802	927
3061	3143
892	3061
534	543
2916	3006
2141	2157
2141	2158
2141	2161
200	2141
2158	2161
2157	2158
2157	2161
200	2161
267	2360
2295	2360
114	2360
2298	2360
2713	2730
1697	2512
140	3432
3431	3432
3430	3432
3258	3432
2790	2792
339	2792
127	2792
1541	2792
180	3464
106	3464
140	3464
340	3464
3210	3225
694	2385
118	2385
506	2091
972	988
973	988
974	988
1565	3151
525	2018
215	1712
804	1712
146	1712
76	1712
3465	3814
3309	3814
140	3814
3244	3814
140	3408
3258	3408
3260	3408
3259	3408
1384	3035
3209	3699
575	3699
3245	3264
695	4082
695	4083
1707	3151
1884	2781
2781	2954
2750	2781
324	2781
264	4086
90	4086
1546	2600
1438	2512
1665	2512
2719	2725
378	2719
286	2719
2719	2724
378	2725
286	2725
2724	2725
1464	2683
375	455
862	4070
887	2759
951	1365
364	4068
2718	3981
319	2976
2962	2976
171	2976
1934	2976
939	1852
933	1852
1852	2398
513	1587
76	1587
1523	1587
1482	1587
513	1482
76	1482
537	1482
1482	1523
706	1652
845	3918
140	3918
566	3918
2619	3918
416	3918
1526	3174
288	458
288	343
153	1535
153	626
1569	2956
808	1569
94	1821
586	3116
225	3116
2160	3116
241	3116
321	1169
321	2564
321	686
321	1028
1042	1593
678	1593
519	1593
444	1593
76	1593
430	2712
1591	1739
1591	1740
1591	1741
76	1591
1739	1741
76	1739
1739	1740
76	1740
76	1741
1740	1741
882	1243
143	1243
93	1243
241	2658
398	2658
225	2658
233	2658
659	3024
461	3024
3024	3025
244	3024
3285	3372
90	1259
910	1259
107	1259
1139	4060
1233	4060
273	4060
1118	4060
443	1118
335	3723
568	3723
505	3723
2919	3028
267	2082
592	3646
140	3646
593	3646
180	3646
2570	2596
416	649
133	3981
2773	3981
566	863
82	1908
2718	3066
2515	2969
2516	2969
343	2969
487	1839
1839	1840
326	1839
1817	1839
487	1840
1817	1840
326	1840
441	1840
136	1840
481	1840
200	2157
200	2149
200	2167
200	2200
2157	2200
2157	2167
2149	2157
2167	2200
2149	2167
2149	2200
1197	1251
286	1713
286	2782
1471	2782
1122	2261
1297	4007
2269	3777
364	3777
795	2056
458	795
481	795
188	795
668	795
319	3386
2228	2746
1304	2746
2110	2953
692	2110
705	3776
1783	2427
267	2427
114	2427
2424	2427
716	1542
76	1542
194	1542
492	1542
1477	1542
960	1542
2634	2635
225	2634
233	2634
353	2634
3157	3491
524	1628
76	1700
780	1700
481	1700
449	1700
520	1537
3692	3860
373	423
373	585
78	413
123	3237
123	823
123	1028
123	273
123	887
123	301
86	123
106	123
123	145
54	123
1129	2510
675	1129
265	1129
1129	1443
155	1129
423	1129
86	2900
342	2900
102	2900
639	1716
794	2605
235	918
898	1365
1146	1502
377	880
820	1613
413	1345
413	1347
413	1346
235	1347
1345	1347
1346	1347
235	1346
1345	1346
235	1345
618	1817
618	1139
618	780
188	618
516	618
441	618
481	618
1813	2651
823	1123
140	3546
3453	3546
383	3546
3546	3952
1645	1647
1645	1646
1646	1647
680	1646
76	1646
588	1468
200	2188
2125	2188
2188	2210
2176	2188
2176	2210
200	2210
2125	2210
2125	2176
662	2176
876	2117
929	2117
2941	2965
402	1898
437	2953
437	694
195	437
437	458
437	1443
437	1038
116	1944
271	2117
90	2117
420	2117
894	2117
534	851
593	3963
3389	3963
140	3963
3523	3963
3389	3523
140	3389
593	3389
140	3523
335	3523
593	3523
3245	3523
3731	3732
2612	3732
3362	3732
140	3732
315	1762
1762	3035
734	1584
1884	2070
2070	2954
1830	1881
188	841
564	841
171	841
841	842
2079	2515
2058	2515
837	2728
837	2010
544	2010
544	2728
215	1369
146	1369
804	1369
76	1369
225	1670
1670	2655
84	2148
1893	2088
402	1893
3634	3810
383	3810
140	3810
3118	3810
3118	3634
1572	1599
946	2211
87	946
1607	2582
829	3107
887	1299
360	1299
106	3271
968	970
968	969
968	971
967	968
449	627
3325	4034
343	1878
457	1878
1856	1878
326	1878
95	1878
188	646
347	776
95	1982
169	1982
155	1982
951	1982
1422	3311
122	2059
915	2059
2059	2060
1158	2059
242	289
82	242
114	242
78	242
78	196
1367	3844
101	1812
362	1812
102	1812
147	1812
165	1707
1395	3438
396	2718
90	2997
878	2997
1441	2997
155	2997
821	1572
1954	1961
9	3844
9	416
9	184
9	273
9	1672
241	3238
416	3238
225	3238
724	3238
73	2057
76	1677
531	1677
513	1677
820	1677
875	894
241	3185
140	3185
2572	3185
353	3185
386	3015
277	3015
76	1655
1297	1655
1655	2511
1442	1655
1443	1655
2420	3081
1783	2424
1303	2587
1367	2921
1997	3036
213	3168
443	3168
241	3168
292	3168
579	1628
76	1571
136	1571
492	1571
1571	1728
2931	2979
2920	2979
171	2979
195	2979
3548	3872
3581	3872
3872	3942
140	3872
3581	3942
3548	3942
3548	3581
140	3548
3705	3924
458	3924
958	3924
1443	3924
27	2720
122	2063
122	2064
2058	2064
2058	2063
939	2063
939	2064
342	2790
147	2790
147	2787
91	2928
1069	2744
720	3215
1137	1961
647	1606
1606	2753
707	1606
443	1606
423	1225
1028	1225
370	1225
639	1225
2125	2190
662	2125
200	2125
107	2125
1381	1877
2629	3323
2629	3688
1129	1205
572	1129
602	1129
1129	1519
602	1519
1205	1519
550	2267
550	1864
513	1755
513	1754
1754	1755
76	1755
537	1755
537	1754
76	1754
560	2800
751	2800
742	2800
543	2800
3583	3947
1327	3583
2630	3583
140	3583
1327	3947
1327	2630
3440	3441
915	1186
604	1186
766	1186
423	1186
939	2785
2079	2785
2058	2785
2051	2785
87	2031
994	3356
994	3440
396	2715
396	726
396	1507
145	396
939	1384
241	3149
406	3149
2160	3149
225	3149
226	2323
2818	3082
900	1762
492	876
2063	2064
353	2063
1547	2063
2063	2554
2064	2554
353	2064
1547	2064
3295	3356
127	2010
533	534
444	534
188	534
736	4022
140	4022
735	4022
438	4022
3466	3550
140	3550
3550	3552
3550	3551
720	1044
3279	3887
2630	3887
140	3887
3259	3887
3258	3367
828	2501
2491	2501
3253	3563
3563	3596
140	3563
3563	3982
904	2382
381	1253
254	928
76	1370
326	1370
1370	1371
659	1370
2041	2773
76	1624
277	2841
3719	3720
140	3720
3720	3722
3720	3721
3719	3722
140	3719
3719	3721
140	3722
3721	3722
235	236
240	1243
1243	1914
1243	1899
1243	1756
575	3892
1330	3892
3892	3893
140	3892
140	3893
575	3893
1330	3893
1586	3386
370	3386
75	1526
426	4079
2793	4079
2263	2662
735	2662
2662	2663
233	2662
200	2194
2194	2195
2193	2194
2194	2196
200	2195
200	2193
200	2196
2193	2196
2195	2196
2193	2195
735	3333
2569	3333
1	12
12	13
11	12
10	12
10	11
1	10
10	13
11	13
1	11
1	13
383	3483
772	3483
140	3483
593	3483
3030	3177
513	1625
531	1625
537	1625
76	1625
910	1060
2029	2926
2142	2926
149	2926
73	2926
116	2136
1371	2136
676	2136
937	2136
652	3276
575	3276
3170	3276
1308	3276
140	3276
125	172
78	125
125	287
56	125
343	3705
1607	1880
2468	2756
673	1996
203	3728
1762	3171
1865	2563
1422	1484
443	1484
1484	2650
1484	3174
1484	2669
1484	3133
1307	1484
3441	3487
772	1567
146	1567
509	1567
76	1567
112	1259
56	1259
81	1259
920	1259
1139	1259
1919	3311
1919	3026
647	1919
1919	3161
586	3199
241	3199
225	3199
1018	3199
140	3199
550	567
567	851
232	567
564	567
188	567
76	1640
1568	1976
1976	2328
2743	2945
1069	2945
1477	3021
1864	2971
2322	2406
2308	2406
114	2406
2401	2406
1917	1946
425	1946
1182	2144
620	1182
1182	1478
2501	3508
2501	2630
1320	3882
3767	3882
3109	3882
140	3882
2619	3077
3246	3264
1334	1585
522	958
1072	4079
867	1171
1026	1515
226	2950
226	1059
802	1537
2305	2438
2290	2438
2291	2438
114	2438
114	2291
2291	2305
2290	2291
2291	2292
2290	2305
2292	2305
114	2305
114	2373
2303	2373
342	2373
296	2373
2260	3933
653	3782
140	3782
383	3782
652	3782
150	2847
543	834
479	2430
568	3543
3157	3543
2572	3543
140	3543
1202	1352
1202	2350
122	2057
560	2083
823	2083
630	3491
531	1676
1429	1676
537	1676
76	1676
136	1416
106	1416
140	1416
76	1416
198	2111
357	862
102	1908
138	1908
56	1908
360	1908
887	1908
1819	3311
1775	1819
140	3362
2568	3362
2612	3362
3362	3731
736	3777
299	3777
3777	3778
140	3777
299	617
617	652
354	617
617	1667
1051	2744
562	2744
884	2744
93	2744
114	2419
79	2419
2323	2419
2328	2419
172	2530
1202	2530
378	2530
872	2530
1161	3843
3843	3844
1028	1249
3421	3800
3421	3528
360	3004
1430	3145
1550	2076
378	2746
1323	2746
1334	2746
642	2746
286	886
286	2457
288	2457
886	2457
185	2457
185	886
288	886
185	288
56	288
78	288
286	288
1695	2656
557	1695
224	1547
2620	3495
2620	2633
233	2605
299	2605
416	2605
2604	2605
188	806
155	806
76	806
215	806
949	2501
286	2501
1734	2501
184	2501
861	1294
76	1502
136	1502
815	1502
734	1502
1502	3237
501	588
196	493
340	2367
499	2367
1586	2367
582	2367
1178	2524
336	1619
1389	2419
1504	2419
929	2419
960	2419
2601	3981
1334	3981
2111	3981
920	1926
595	2040
232	2040
56	2040
192	2040
196	2740
513	1523
823	1037
423	1037
1026	1037
603	1037
2282	2303
136	2596
136	1613
531	1613
1429	1613
416	1613
76	1613
3258	3580
3258	3352
3258	3361
3352	3580
140	3580
3384	3580
3361	3580
3361	3384
140	3384
3352	3384
3352	3361
140	3361
140	3352
140	4013
3581	4013
593	4013
2625	4013
140	3581
2625	3581
593	3581
959	2282
1783	2282
114	2282
342	2282
3372	3514
140	3372
3290	3372
3372	3811
140	4053
3295	4053
3466	4053
3552	4053
82	1606
1100	1211
1100	3187
915	1100
603	1100
423	1100
823	1100
127	1643
183	419
1941	3021
2630	3551
2630	3554
801	2215
801	3215
299	3547
673	1650
769	3933
2142	2832
467	482
600	1090
413	1351
195	2517
3290	3868
3258	3868
140	3868
3525	3868
734	1569
1459	2142
1459	2144
1891	2006
948	2603
744	3065
3461	3773
3309	3773
3465	3773
3296	3773
93	1759
1151	1565
76	1721
155	1721
802	1721
186	1721
3196	3198
292	3198
1198	3198
241	3198
755	3896
2088	2559
487	1975
195	1975
490	1975
2945	2960
454	845
3302	3466
2630	3466
3261	3466
581	1532
353	1532
90	930
427	3742
427	2753
427	3743
427	3604
286	1373
477	3099
243	3099
823	3099
3099	3100
839	3044
217	934
75	217
4088	4090
4087	4090
237	4090
4089	4090
237	4089
237	4088
237	4087
4087	4089
4088	4089
4087	4088
969	1014
1010	1014
971	1014
967	1014
2323	4076
1422	3518
186	1391
3138	3234
868	878
864	1953
724	3085
3065	3085
3066	3085
243	3085
458	894
271	894
83	868
866	868
867	868
868	869
381	1338
876	928
53	645
758	2501
730	2501
131	2088
2135	2136
2134	2136
200	2136
1517	2136
200	2135
2134	2135
1517	2135
1517	2134
200	2134
762	950
531	1573
485	1573
458	2932
2672	2673
233	2672
2672	2674
2671	2672
416	1727
592	1727
537	1727
76	1727
1674	2215
1293	3174
1538	3705
958	1538
1443	1538
3195	3846
3315	3668
3667	3668
3570	3668
140	3668
3315	3667
880	948
2738	2739
2724	2739
277	2739
378	2739
2724	2738
277	2738
378	2738
581	1376
1966	2753
56	1996
1951	2479
140	3445
3418	3445
3400	3445
3267	3445
223	796
96	150
2010	2728
466	2010
80	2010
244	2010
279	2010
416	2582
292	2582
225	2582
233	2582
574	1472
1153	2542
244	2542
172	2542
2916	4002
3058	4062
1214	3058
75	2923
149	2923
73	2923
156	2923
314	4059
2933	2941
186	1404
1403	1404
83	935
97	935
935	936
165	935
3315	3316
3316	3570
3314	3315
3315	3570
588	1578
346	427
83	427
1588	4067
472	1585
1607	2430
452	918
3572	3966
2588	3572
2615	3572
140	3572
2588	3966
1109	1596
223	1162
223	3016
223	666
134	223
504	831
653	831
188	831
566	831
1078	1468
824	1914
2519	2564
1477	3046
76	1590
143	1590
215	1590
357	1590
2854	2918
572	1205
1202	2103
2103	2323
1053	2103
78	324
136	1703
562	1703
478	1703
76	1703
920	1756
805	3513
233	2633
885	1775
1917	2730
1917	2480
286	1917
1916	1917
3994	3995
3285	3514
140	3285
3285	3289
3285	3367
140	3367
3289	3367
3367	3766
3367	3514
342	2458
336	3201
2573	3201
804	3201
241	3201
1767	3786
874	2054
342	2054
122	2054
385	2054
339	2794
652	3155
144	2921
685	2921
166	2921
686	2921
423	1237
1153	1237
893	1237
1237	2529
915	1237
1077	2631
2631	2703
600	601
188	600
875	1834
988	3349
985	988
984	988
967	988
988	991
1634	2987
732	3370
1997	2915
3302	3860
3765	3860
140	3860
2630	3860
416	3206
1185	3206
241	3206
292	3206
583	823
621	920
416	3156
727	1376
155	1521
426	1679
221	1679
573	3385
444	3385
452	3385
1111	3385
427	805
1363	1768
2936	3162
2593	3162
1160	3128
1762	3318
958	2963
326	1819
1819	1847
423	1220
56	1966
3560	3561
3118	3560
140	3560
446	3560
383	3345
554	3032
136	1718
539	1718
76	1718
473	1718
1448	2747
2630	3797
140	3797
3423	3797
1103	3354
2290	2411
2290	2292
2290	2410
114	2290
114	2411
2292	2411
2410	2411
114	2292
2292	2410
114	2410
700	3021
524	1639
511	1639
1296	2977
533	1296
1038	1385
1149	1325
193	1626
119	1626
73	2928
79	1158
1122	1864
301	1864
440	1864
1139	1795
1789	1795
290	1795
301	1795
708	1230
1031	1230
423	1230
1230	1231
708	1231
1031	1231
1217	1768
140	3578
140	3577
3577	3578
354	3577
3266	3577
3266	3578
354	3578
354	3266
225	2673
2673	2674
233	2673
2671	2673
2671	2674
233	2674
225	2674
823	3179
292	3843
377	940
1769	1770
804	1769
76	1769
215	1769
2951	2961
934	2961
2630	3422
780	1547
151	1393
859	1102
1102	3004
2717	3004
859	2717
3147	3229
353	3229
241	3229
592	3229
1851	2953
851	1851
1931	2055
53	1713
1966	3599
548	2613
548	3197
548	2577
1527	1746
531	1746
531	1523
76	1523
1523	1746
537	1523
537	1746
76	1746
1443	3705
441	3705
958	3705
458	3705
147	1606
1953	2898
1304	1662
1947	1954
1783	2322
2303	2367
114	2367
267	2367
86	2367
342	2367
2573	3194
416	3194
315	3194
241	3194
458	501
501	863
501	1165
388	501
273	501
2667	3947
2666	3947
140	3947
2630	3947
2263	2550
1252	2263
297	1145
297	2468
240	297
297	939
1216	3208
906	2684
86	100
100	102
99	100
54	100
118	2898
1947	2898
109	2898
959	2898
1517	1626
764	1626
80	1626
76	1626
203	580
391	2776
76	1511
93	1764
667	1409
1220	2741
893	1220
1140	1220
915	1220
314	1847
526	1819
1819	4027
277	957
368	957
957	958
83	957
503	4027
989	3345
501	1320
1320	3618
501	3618
383	3618
551	3348
250	2110
1068	2110
195	2110
114	2368
481	627
279	1568
574	1637
286	2938
3295	3756
3251	3756
3267	3756
140	3756
4	49
4	50
4	878
4	74
4	910
784	1330
473	1427
1083	2261
2718	2775
893	2915
79	263
705	2655
1207	1308
331	409
528	1151
1246	1622
271	1622
1028	3380
1094	1192
3421	3422
3421	3424
3421	3423
140	3421
3422	3424
3423	3424
140	3424
3422	3423
140	3422
593	3939
3938	3939
140	3939
3939	3940
140	3938
140	3940
593	3940
3938	3940
593	3938
1054	2088
1362	2787
859	2495
92	1203
566	3621
588	3621
267	2603
94	109
56	94
54	94
94	102
82	94
3195	3314
425	1917
138	1917
102	1917
360	1917
3137	3809
2631	3809
3138	3809
1393	2268
496	873
3215	3995
682	1316
314	1599
524	763
499	763
188	763
579	763
823	2521
140	3731
2568	3731
2612	3731
416	3731
1161	1221
1472	1697
1743	1777
3541	3542
3244	3541
3530	3541
140	3541
140	3542
3244	3542
3530	3542
3309	3542
3692	3811
3289	3692
78	422
373	504
375	504
1183	1372
1372	1373
215	1372
6	50
339	960
78	329
308	1983
343	2517
458	2517
2516	2517
306	2517
1041	3848
791	939
1086	1227
423	1227
915	1227
382	1227
1028	1227
149	422
75	422
402	422
156	422
1051	1117
239	644
228	1661
76	1661
1499	1661
215	1661
686	1872
228	1872
230	1872
326	1872
542	3100
511	3100
511	823
511	542
542	1426
1150	1202
1130	3150
493	3166
379	3166
455	3166
2490	2491
286	2490
168	2490
1168	2490
1877	1883
1708	1877
2596	3844
1164	2596
560	2596
596	2596
1175	1622
991	3996
875	2070
93	3669
511	1426
1175	1966
764	2148
119	2148
80	2148
85	2148
2148	2190
200	2148
465	1222
1229	3311
370	1952
82	2860
82	2817
82	570
1470	2817
2817	2860
523	2860
146	2860
342	2860
128	2860
1117	2860
1202	2860
385	2711
459	1877
910	1086
2729	4007
218	427
426	427
78	427
221	427
244	2656
1070	1517
187	2856
187	758
758	2856
90	1834
1834	1849
1834	1835
813	1834
326	1834
108	1835
108	286
1409	1824
704	1409
510	1409
292	1409
1409	3776
456	1409
76	1409
1409	1419
136	1409
756	1409
875	2014
2006	2014
1936	2014
1068	2495
1068	2981
2430	3161
1824	2430
443	2430
2430	2947
813	875
524	594
239	1791
383	3375
140	3375
3109	3375
654	3375
1025	1146
782	929
730	2011
516	1158
160	1153
1139	1596
106	1596
1076	1596
520	1688
1879	2790
2790	2975
1827	2790
1028	1879
985	3349
991	3349
991	3434
985	3434
985	3996
984	3434
984	3996
127	3996
140	3996
3434	3996
2630	3996
140	3434
2630	3434
3349	3434
984	3349
243	3074
132	745
132	1410
587	1360
1685	2093
1319	1392
2697	3325
2264	2706
2702	4034
1314	4034
1313	4034
1320	4034
140	4034
1033	2595