140	3301
140	3397
140	3612
140	3429
140	3879
140	3853
140	3403
140	3730
140	3493
140	3694
140	3534
140	4044
76	1561
140	3656
78	395
140	3562
78	460
140	3648
140	3254
140	3974
140	3837
140	3801
56	1973
140	4037
56	1992
78	356
78	209
140	3902
76	1701
78	432
140	3953
140	3854
140	3910
140	3962
56	2005
140	3919
78	262
56	2034
140	3886
78	201
46	1000
140	3615
56	2023
140	4036
140	3751
76	1779
140	3775
140	3433
140	3620
140	3852
423	1067
78	396
878	3699
78	298
225	2882
78	222
140	3881
520	3881
195	3871
140	3416
140	3654
76	1726
140	3916
140	3531
76	1497
140	3805
76	1530
140	4051
225	1265
127	2810
140	3675
56	2032
140	3499
56	1940
140	4010
76	1610
3109	3916
76	1518
140	3660
140	4019
78	453
140	3961
140	3834
140	3678
56	1957
140	3642
78	282
140	3331
56	1983
391	3426
3530	3531
140	3764
78	176
56	1988
140	3450
78	359
56	1942
2633	4051
140	3365
140	3589
140	3909
140	3871
543	3700
140	3300
140	3891
78	328
140	4024
140	3204
241	3204
78	325
76	1589
140	3829
114	833
76	1489
195	3617
128	3669
56	1956
200	2221
74	214
281	3955
78	394
200	2222
140	3328
200	2174
140	3992
56	1963
140	3575
3575	3576
56	2036
438	3452
78	285
140	2688
140	3476
76	1715
80	3762
1605	3311
76	1684
444	1699
140	3978
140	3980
385	3168
56	1986
76	1745
140	3807
140	3683
140	3923
200	2209
360	3649
140	3784
76	1702
79	3669
140	4011
53	2095
140	3917
78	412
78	216
114	2426
74	259
172	2556
76	1638
114	2325
140	3866
140	3509
2449	3968
292	1971
56	2016
1161	1660
140	3850
3849	3850
140	3820
2630	3467
76	1735
1139	3820
114	2366
140	3752
140	3456
76	1627
737	2158
74	204
140	3409
1053	2389
71	72
78	202
78	208
78	199
140	4047
140	976
76	1540
772	3930
44	1588
56	1980
1028	1265
140	3559
35	1768
140	4055
3296	4055
200	2151
127	2335
2057	2947
416	3901
387	478
82	2868
122	2069
396	3174
56	2013
79	2013
140	4008
82	2827
140	3754
391	3169
140	4005
915	2970
56	1943
56	1968
200	2156
78	210
2630	3661
380	2718
416	3564
69	2630
69	140
62	316
140	3378
188	855
140	4029
140	3347
140	4009
200	2172
188	514
301	3870
140	3415
27	2737
929	2375
46	2773
76	1577
140	3405
2630	3663
200	2130
244	3000
82	1273
3480	3969
76	1374
213	710
51	3844
593	4004
76	740
200	2133
458	1347
82	2884
114	2422
114	2345
76	1671
54	103
192	3971
3108	3932
588	1259
82	2797
82	2826
2567	3632
140	3632
543	2860
140	3785
82	2877
186	1509
78	268
140	3293
918	3354
78	253
140	3420
82	2842
2630	3808
140	3808
501	1696
811	948
200	2198
91	3336
76	1557
82	2871
375	652
140	3867
914	2637
2010	3050
1927	2103
76	1580
140	3393
140	3677
140	3761
3251	3283
1852	2253
1478	3710
114	2344
114	2307
140	3595
82	2889
233	2681
2253	2837
3258	3553
54	105
41	1768
546	3482
458	1194
76	1583
140	3351
82	2891
385	3969
200	2235
87	1902
82	2854
1028	1569
2400	2718
78	332
54	148
2630	3287
140	3287
1448	1806
140	3674
200	2238
566	2850
140	3745
1813	2263
566	1293
76	1437
383	3861
244	2999
172	2540
804	4049
78	330
56	1969
172	2537
140	3986
140	3449
140	3658
3332	3333
140	3332
140	3735
3733	3735
244	3026
114	2384
140	3250
200	2162
446	3858
140	3858
734	2839
1633	1935
389	3027
516	1107
172	2557
140	3627
82	2837
123	2773
114	2329
1	64
593	3556
140	3556
686	2214
114	2379
140	3930
140	3652
919	1972
140	3555
140	3454
114	2339
81	2892
82	2873
1259	3334
79	2070
78	256
531	3273
438	3976
82	2824
200	2171
390	1276
200	2153
1161	1356
92	3669
244	2995
390	1284
54	167
140	4042
383	4042
192	2002
53	2104
56	1994
76	1411
904	3246
56	1972
78	376
659	1969
76	1415
593	3463
155	4073
1416	2215
788	1416
133	1943
114	2377
140	3780
1316	3968
102	148
140	3255
200	2137
114	589
1028	4090
172	2554
51	316
585	3541
200	2237
200	2178
378	2778
140	3762
593	3762
82	2874
1330	3586
140	3586
1217	3027
140	3686
273	3497
140	3383
1	25
1371	2995
200	2163
56	1984
82	2009
585	3821
76	1658
140	3392
95	3477
520	1605
543	2905
652	3527
140	3835
140	3536
76	1780
374	1032
794	3600
593	3600
3715	3716
140	3888
114	2388
480	728
140	4003
82	2335
2868	3924
244	3018
140	3506
241	3190
140	3190
1316	3190
1819	2118
78	421
200	2173
78	311
1528	1838
76	1636
56	333
239	254
79	439
106	330
3426	3427
3526	3527
1286	1471
1346	3115
82	2830
1	47
3251	3649
11	74
340	3581
200	2186
102	1974
56	1974
943	1979
1253	3626
76	1666
232	1666
186	1666
93	1705
140	3747
78	411
1691	2533
147	1436
188	717
140	3998
172	2555
915	3007
588	2118
114	2434
76	1694
308	1416
513	1898
458	2772
1665	1793
1	20
140	3463
62	1053
3057	3913
140	2491
221	876
449	2069
2099	3460
3185	3311
1	48
188	713
56	1999
1053	2009
1308	3776
82	1051
2433	3311
252	2995
140	3954
652	3954
1139	1693
2737	2837
16	887
175	3439
2630	3391
78	182
78	204
1	51
76	1418
39	1588
140	3527
82	2876
1793	2900
652	1747
503	2654
3217	4011
795	1824
281	3641
82	2850
3266	3709
1341	3849
62	3334
114	2387
54	98
140	3868
686	2243
140	3935
140	3936
244	3002
1768	3368
56	2012
140	3413
91	2527
172	2527
140	3646
1202	1932
140	3628
3795	4014
343	2013
200	2231
613	1749
1257	1806
76	1630
72	77
241	3203
243	3034
215	3034
140	3976
647	4049
76	1444
140	3515
3258	3515
80	2856
25	74
1355	2254
76	1581
647	2892
2939	3368
78	266
140	4045
390	1258
1	57
354	3897
188	846
1047	3949
140	3436
1	2
76	1398
140	3861
82	2845
82	1265
876	1259
114	2441
1	24
172	2547
200	2208
82	2814
1273	1806
221	2832
515	2996
1819	3477
2720	2864
82	2875
1334	2084
172	2532
402	2532
200	2197
195	1896
80	1554
60	109
974	1021
1139	2883
232	718
1768	2009
212	213
1547	2925
27	2720
477	3174
1139	3969
74	124
56	124
54	124
2294	3050
1161	3072
1308	2695
3331	3361
1615	2947
390	1256
140	3862
2680	3508
342	2531
1308	3828
383	3828
200	2170
451	3007
76	1773
76	1774
76	1731
76	1732
114	2404
81	2564
1783	3245
114	2304
78	179
78	181
179	180
44	56
140	3203
188	718
56	2020
114	2365
140	3855
140	3878
3733	3878
140	3734
1	66
244	3007
370	3007
225	3683
566	3859
1355	1806
466	699
106	2009
887	2009
76	1724
140	3451
90	2837
78	428
566	3573
140	3573
1806	2730
151	2110
1345	2746
1484	2704
255	3262
140	3262
233	2687
2599	2687
2348	2867
305	647
543	2537
9	1725
950	1237
82	2807
563	3911
42	316
42	93
2648	3087
76	1501
3841	3992
140	3591
76	1698
342	2286
78	327
101	786
76	1447
140	3789
730	1154
512	1154
1330	3321
140	3519
3519	3549
9	2348
235	4064
353	1990
140	3645
78	321
76	1522
383	3907
140	3907
1324	3594
2111	2857
1802	1817
416	3617
140	3617
1583	1584
75	1415
287	3743
2429	2737
140	3893
575	3893
74	432
1208	1312
217	1040
78	431
3126	3490
416	3490
591	1706
9	81
56	2002
46	1723
53	2099
140	4004
299	3548
3547	3548
383	3636
140	3636
736	3636
140	3720
658	4093
2878	3173
2260	3568
927	1552
841	1824
13	961
186	1658
5	1359
140	3928
3928	3929
570	3677
2817	3677
331	1821
122	2078
2351	2352
78	190
292	3198
876	3497
140	3937
2215	3909
543	1647
627	1115
1080	3849
53	2118
316	607
140	3700
1806	2288
402	1898
39	81
239	275
140	3753
200	2219
273	3828
114	2319
1334	3497
2773	3497
1578	2690
172	392
140	3326
140	3504
140	4007
2520	2619
647	1416
114	2455
707	3546
114	2389
188	849
76	1369
140	3926
86	2112
78	248
416	3156
241	3176
3385	3391
114	2415
45	1588
1817	3015
76	1609
588	3975
554	3975
520	1702
73	2917
145	161
54	161
1747	1817
140	3870
78	387
3447	4046
3296	4046
781	3308
76	1556
292	3159
241	3159
416	3159
3367	3408
3608	3943
114	2390
501	3483
383	3971
140	3971
76	1509
83	944
878	944
140	3964
2630	3256
140	3256
114	2287
470	718
2692	4026
520	1570
76	1570
2628	3491
385	1792
616	1472
292	3869
446	3869
76	1512
78	304
140	3987
292	858
291	3214
59	1588
2630	3255
4047	4048
90	1844
1585	1844
1586	2973
950	3981
95	3185
918	3174
140	3419
606	607
2630	3871
423	1201
3126	3249
2856	3792
1819	1995
390	1262
81	2000
114	2439
62	3844
78	212
1809	3732
3276	3985
114	2335
76	1446
3329	3434
93	2882
922	2882
1	58
734	1569
76	1641
140	3921
241	3206
416	3206
223	1203
958	2915
438	3789
566	941
588	941
140	3500
140	3502
140	3501
113	1546
51	823
0	1
155	2457
1034	1303
423	1219
796	1219
2630	3619
82	2802
1899	2941
118	330
176	1287
531	1681
228	1681
385	1780
200	2185
232	2745
3274	3276
1053	4023
3697	3733
868	878
245	2100
1183	1756
395	1202
878	2063
83	903
192	903
815	3541
1414	4063
370	1342
386	3140
1164	3099
279	2105
3823	4016
3505	3638
390	1273
316	1503
76	1503
3174	3363
2630	3372
1127	3809
1084	3809
140	3458
1	17
390	1264
1	62
2818	2850
390	1267
864	876
929	3785
1	22
196	197
179	181
2082	2482
114	2376
2111	3136
407	960
967	980
1	19
1182	2856
219	591
1280	1806
1	68
1731	1732
4059	4060
1	39
1	28
1588	4042
92	2008
62	1725
762	1833
271	3100
90	3100
1028	2778
198	540
90	937
1139	2798
279	2549
1639	3020
1713	2105
53	2105
133	2867
1139	1870
378	2726
83	902
1425	1722
200	2182
960	2860
172	2551
2966	3058
200	2240
244	3022
3266	3807
2199	3027
109	2118
1747	2737
242	2786
114	2353
155	1981
56	1981
951	1981
590	2868
419	3767
595	2541
992	2753
82	2896
316	1698
200	2159
2476	3237
796	1065
423	1065
718	1528
233	2634
958	1611
290	1796
44	878
1459	3129
243	3087
3253	3745
158	159
91	2377
718	929
242	428
1744	3110
1821	2002
244	2998
1053	2839
390	1279
200	2201
114	2342
353	3229
82	2805
742	2040
279	392
172	2525
1	30
1831	1832
359	370
200	2180
82	2898
53	2112
1205	1545
2394	2666
3427	3595
136	220
1756	3696
1203	2515
200	2204
3242	3966
3076	3237
423	1254
77	1528
241	3029
243	3029
2547	2551
791	2303
694	791
781	1129
879	944
390	1278
816	2117
198	2323
151	2782
286	1432
286	1958
267	2376
75	3497
2254	3568
390	1268
510	1218
1736	3038
1731	1774
1773	1774
1731	1773
200	2147
188	729
114	2453
200	2168
200	2152
2121	2152
1053	1705
172	1705
1089	2142
282	1028
878	2000
114	2465
2737	3065
875	2070
178	960
195	3683
136	4042
342	2454
93	2454
59	2737
2741	4087
919	2093
695	1470
308	3780
200	2233
2941	3477
950	1228
73	2810
707	2056
613	1129
1	16
239	2218
3689	3690
140	3689
3431	3689
177	365
239	3581
166	2207
3029	3069
128	162
54	162
83	162
3406	3912
244	3017
3295	3666
1434	1990
3802	3803
3802	3804
140	3804
529	1092
501	958
1028	2429
75	2927
156	2927
73	2927
1775	2623
443	1259
543	3696
2635	3051
588	1531
1395	4007
73	2913
1975	2085
402	621
713	929
390	1263
3364	3662
3258	3364
140	3364
929	1215
95	2430
147	947
114	2341
2015	2341
1711	2593
423	1225
1	23
1629	3293
343	1041
910	4057
483	1198
845	2526
875	2977
114	2445
82	2848
530	1442
241	3149
82	2092
3719	3721
600	3237
9	82
1666	3351
5	919
1817	2900
200	2199
53	2110
53	2116
2110	2116
1068	2116
76	1730
106	1730
53	2106
121	2106
360	2918
2753	3906
125	965
241	3194
82	2822
1	46
2291	2403
543	730
1772	2468
2179	2181
200	2212
588	3020
233	2586
2584	2586
2585	2586
2529	2922
1793	3870
3405	3514
1118	1987
114	2302
2320	2371
82	2800
1046	2959
316	1501
1030	3828
739	1129
739	2946
2748	3141
705	3776
188	697
175	1673
3208	4093
1734	2501
2828	3185
127	1705
74	110
54	110
1373	1745
3280	3998
39	2737
593	3939
593	3938
140	3938
95	1618
76	1618
273	1618
1578	1824
1578	3354
326	1863
2047	2732
2138	4063
1775	3370
444	3087
2385	2753
295	656
76	1664
95	1474
370	927
45	2348
2010	2271
969	1009
971	1009
15	102
383	3345
2008	3626
1438	2158
74	311
27	1927
887	1535
566	3918
391	2255
16	56
2313	2314
76	1655
82	2864
286	422
140	4052
45	1970
82	570
1716	1717
1716	1718
286	2500
1168	2500
588	3619
3697	3734
140	3783
1139	2875
1139	1730
78	324
915	1227
39	1970
56	1970
1028	1346
91	2792
543	1259
2630	3341
140	4033
647	3231
2315	2439
114	1411
114	2297
570	960
442	3316
308	3316
370	3316
76	1720
884	1872
140	3343
140	3830
553	1365
1828	1951
659	4007
1950	2234
1927	1979
267	2372
582	748
499	748
2029	2981
1824	2512
288	2088
316	1398
3174	3963
114	2285
647	2677
1304	2482
2696	3564
54	157
54	170
82	2869
114	2457
273	1404
76	1646
140	3911
200	391
1122	1547
2088	2089
3326	3327
3325	3326
288	960
151	1783
151	2295
2630	3747
3746	3747
188	810
78	410
377	685
1016	3725
1016	3724
893	4090
1270	1806
287	2564
1988	2737
156	2865
82	2865
114	2463
78	191
2215	4010
1	42
1118	2856
1118	1433
140	3874
95	1329
56	1966
292	3390
75	1271
917	1304
100	102
524	1628
1817	2785
2630	3887
3259	3887
81	1802
138	1802
202	4059
543	2767
884	1346
140	2589
233	2589
963	964
734	3849
200	2169
3673	3813
140	3708
1943	2718
1	60
1053	2817
681	2922
140	3638
566	1833
416	3213
1	67
454	3181
1342	1356
438	2678
46	1806
195	1806
1368	1806
180	3646
458	601
1028	1617
257	851
132	257
3766	3795
3361	3795
140	3795
1320	3447
82	2833
82	2815
2815	2833
114	2414
1288	1312
755	1115
140	3985
342	2443
688	2990
171	2990
3258	3372
342	2028
1430	2257
530	3288
114	2402
2101	2402
114	2101
53	2101
2305	2365
878	3172
3616	3617
380	2855
2855	3699
380	3699
438	1231
288	343
478	1614
480	1614
326	1370
140	3722
140	3719
140	3659
233	2672
140	3706
292	3206
127	3726
1175	2856
383	3676
1159	3676
504	857
5	144
449	1820
483	3117
316	1402
76	1402
200	2232
1546	1950
3292	4058
140	4058
75	1526
110	155
1944	2084
1160	3128
3345	4046
1182	2953
1182	1478
1030	1623
2215	3148
3148	4025
577	1034
596	1034
5	1793
1743	1777
342	2282
82	2799
155	965
56	1959
140	3931
470	2073
1	29
79	2004
3422	3588
175	1770
326	1832
2570	2597
2596	2597
606	3205
3253	3666
1202	2103
151	1334
652	3907
54	129
899	1909
242	277
1357	3971
3157	3778
551	756
1434	2669
39	878
81	1265
140	3880
1528	2983
1	21
155	3913
76	1590
106	3464
140	3614
718	913
82	2879
82	2904
62	2348
654	3375
383	3375
3109	3375
140	3375
380	845
802	1039
679	3427
219	679
56	2028
588	3621
3560	3561
200	2138
700	2520
646	1084
140	3898
1	27
885	2561
140	3796
235	4073
200	2246
1330	3892
3253	3659
1641	2522
153	1535
76	1520
118	1520
1308	3984
505	3984
2691	3935
2691	3936
3934	3936
53	2094
1821	2103
1890	2103
200	2242
82	2813
592	3229
241	3229
393	1888
1862	2277
1105	3231
920	1756
165	1804
2630	4054
1192	3363
140	3553
860	939
200	2143
342	2359
2294	2359
376	1743
1800	2753
694	2303
1357	2971
79	2419
107	3726
823	2521
839	3044
379	3166
1366	2085
1316	2740
1793	2433
527	3949
1914	3245
2015	2189
265	3691
2264	2706
133	3981
918	2106
140	3716
652	3389
398	2658
233	2658
225	2658
27	1287
53	2113
56	1952
76	1751
1768	3960
355	3052
2700	3611
140	4038
2679	4038
314	4038
195	1510
319	1510
76	1510
1586	4077
734	1923
3195	4027
142	163
54	142
655	1725
301	1796
1139	1796
127	2041
140	3538
458	1818
326	1818
1818	1819
1083	3634
140	3856
734	3052
140	3175
228	1872
188	789
279	604
3258	3450
140	3611
1	41
1894	3311
1888	3311
960	1595
3258	3367
353	3626
624	1167
675	1819
799	1771
2619	3918
127	2010
2922	4057
140	3790
2630	3790
2258	3020
383	3862
409	439
140	3373
59	81
3258	4019
2630	3630
438	3630
78	337
140	3507
2577	3507
1053	2089
1185	3206
241	2658
140	3890
3626	3890
604	1631
76	1631
678	1631
140	3505
753	1198
3571	3849
581	601
515	2106
244	3011
82	2901
540	951
76	1457
413	1348
1122	1864
76	1661
215	1661
198	407
1	43
114	2394
3457	3460
200	2179
172	2548
140	3758
114	2433
81	2433
342	2433
76	1567
140	4032
1319	1392
3582	3584
213	3413
452	1570
140	3539
282	2088
2793	4060
273	4060
140	4015
140	4014
297	2323
140	3924
458	3924
140	3925
60	273
686	1687
76	1687
223	3100
1485	2781
2945	2960
82	2899
3108	3573
872	2530
286	2719
335	3523
342	1581
78	211
140	3939
140	3940
83	947
2584	3130
880	1943
140	3322
526	2056
458	2485
140	3793
80	1675
107	1675
76	1675
705	2655
82	2040
140	4040
772	1567
3421	3424
1734	1735
140	3932
188	841
171	841
841	842
141	353
347	776
3872	3942
108	2444
172	2544
83	931
215	806
188	806
76	806
286	1414
114	2280
1806	2875
588	1468
687	3626
1151	1376
802	1537
567	2595
1069	3076
2744	3076
233	2678
707	3323
3263	3323
2629	3470
2629	3323
706	3114
243	3096
393	3996
593	3285
1443	2513
898	4080
114	2440
7	851
682	1316
2919	3028
123	200
123	144
300	1648
76	1648
106	1648
140	3452
78	468
1950	2039
1950	2720
56	1950
175	2633
1312	1819
423	1223
82	2900
3724	3725
91	1383
423	1037
1005	2630
3258	3432
140	3432
1048	3632
2269	3956
140	3956
2685	3956
279	1568
114	2263
2697	3325
273	2892
2630	3330
1609	1871
1851	1929
478	2754
2088	2278
485	1573
200	2202
140	3746
2630	3746
2041	2686
2041	3696
1876	2041
79	902
3628	3629
1517	2134
824	1553
1297	4007
791	2922
2625	4013
2554	2953
200	2126
3924	3925
438	3867
3251	3415
3650	3884
140	3884
3446	3836
78	302
172	2531
1843	2142
562	1703
478	1703
136	1703
76	1703
512	2771
3302	3466
56	1967
82	2887
473	1427
1	63
594	2792
140	3431
3258	3431
114	2432
1471	2919
2919	2960
837	2010
5	1365
1572	1599
82	2866
1139	2106
1108	2106
2110	2953
235	237
383	3701
82	1747
734	1850
534	543
939	3959
436	1735
319	2748
188	809
1	52
742	1394
370	2548
241	3185
767	782
136	1502
76	1502
314	3607
3258	3593
123	3237
188	634
499	634
83	908
277	908
3244	3440
411	851
2630	3996
127	3996
2630	3434
449	2028
504	790
426	2367
140	3851
3379	3851
1028	1249
1783	2349
2900	3174
140	3781
78	270
140	3274
52	1768
1098	2743
822	931
3345	3650
1769	3386
321	2564
321	686
236	457
140	3669
338	2730
2573	3194
416	3194
315	3194
82	2817
383	3703
383	3702
383	3704
147	1586
1807	1808
454	1763
2323	2921
82	2823
225	939
225	2582
76	1706
1706	1707
1960	2977
893	2785
155	2540
478	2540
1130	3150
3273	3957
291	2773
125	244
140	3387
331	1997
140	3467
114	2462
1548	2868
140	3778
3777	3778
140	3777
299	3777
518	3058
1078	1468
137	1197
1768	2254
416	3238
951	1365
90	886
200	2164
140	3847
2630	3422
3422	3423
140	3821
593	3821
873	1483
1801	2098
301	2098
53	2100
316	1591
82	2828
3724	3825
2638	3724
959	2282
959	1783
3361	3384
3352	3384
140	3912
1	44
3458	3460
3458	3459
3457	3458
2608	4026
629	2963
554	2262
241	3170
380	2592
380	1107
1107	2592
230	1872
326	1872
686	1872
887	1969
1833	2856
180	1102
2817	2860
531	1625
76	1625
537	1625
513	1625
1026	1716
54	158
76	1758
458	1820
326	1820
255	3645
712	3187
789	1987
593	3940
893	1794
241	3116
586	3116
2160	3116
78	369
140	3897
3266	3897
828	2501
165	935
114	2391
127	1643
925	2064
466	2064
2064	2564
466	2564
383	1944
652	1944
1185	1944
1176	1944
1944	3442
82	2811
239	644
114	644
127	3657
76	1376
1143	2045
820	1677
76	1677
768	1707
292	3293
416	3293
1821	3603
2461	2462
2462	2465
2461	2465
1164	1472
15	133
949	2501
233	2673
406	2673
803	2783
2215	3669
470	1983
219	2561
763	2545
2545	2546
172	2545
1602	3849
4008	4063
2630	3584
3583	3584
192	1328
292	4038
416	3731
578	1670
578	659
578	677
537	1629
932	1847
893	1131
725	3174
243	3058
2697	3058
554	3032
123	277
76	1693
896	1507
376	1507
376	3115
1051	2744
1547	2515
1547	2516
335	3616
878	2007
74	2007
1903	2927
2234	2480
1334	2480
1672	3896
188	748
82	2022
3607	3823
140	3607
78	414
441	1840
1031	4064
1092	3065
1547	2931
140	3616
2652	3616
2692	3616
383	3616
75	2555
2977	3233
53	2109
286	4069
333	516
79	1802
79	940
91	2048
56	2048
114	2412
106	3271
887	3271
1484	2996
2856	2996
1069	2856
515	1849
279	1849
1153	1849
1196	1912
724	3239
3238	3239
1817	3497
82	2834
2253	3463
140	3414
93	1764
673	1218
851	1218
533	1218
3530	3541
3244	3541
3541	3542
140	3542
3309	3542
3530	3542
1118	2138
2138	2750
82	2846
172	2543
188	619
1691	2575
556	1823
563	1823
1	69
449	1129
449	627
627	1129
627	4027
56	2021
1927	3981
1401	2499
972	1022
974	1022
217	652
217	594
647	2433
286	2433
700	2178
2743	2945
1365	2089
200	2191
82	2228
3434	3544
1416	3597
443	1416
140	1416
273	1597
566	1600
74	1710
513	1587
1053	2048
815	1356
1353	1354
1353	1355
140	3426
1668	2272
3422	3424
140	3424
56	1965
368	2090
620	2090
769	3933
593	3523
2058	2063
76	1699
406	3149
2269	3777
736	3777
364	3777
140	3421
140	3422
927	2792
370	1952
131	2952
180	181
1248	1552
244	3003
76	1714
2659	3073
123	823
123	1028
140	3725
370	2831
545	3128
78	392
440	1725
140	3590
2323	4076
647	2782
647	2783
887	2771
943	3237
2792	2793
114	2420
2568	2745
2570	2639
128	2042
78	257
140	4054
56	2007
443	2256
3361	3492
3492	3580
140	3580
140	3492
140	3388
3384	3580
270	271
82	1705
3092	3135
1320	3092
76	1450
342	2437
407	512
576	4017
1464	2683
242	2785
736	3266
330	2323
273	2787
56	2003
647	3128
169	1982
89	159
221	1679
791	939
2091	3028
893	3683
1028	3683
775	1943
2199	2856
279	2847
127	2385
140	3577
3577	3578
46	1649
652	3964
2630	3964
271	2256
90	2256
200	2203
114	2352
92	1203
340	901
81	2024
172	1991
3295	4053
525	2018
76	1644
593	3389
82	2870
2936	3162
2593	3162
1971	2097
54	125
78	125
56	125
1862	2176
763	2546
16	1365
2264	2690
140	3892
95	718
686	2195
2951	2961
200	2123
3251	3824
443	1118
1927	2457
342	2457
3438	3906
184	3438
56	1958
3253	3563
3563	3596
566	810
809	810
252	2303
949	2891
156	876
326	1867
326	1869
76	1741
1739	1741
1591	1741
1591	1740
76	1591
1591	1739
114	2361
1287	1887
191	1287
138	191
138	1887
588	2335
566	2335
510	2335
1230	1231
423	1230
708	1230
286	2639
342	2499
576	1167
226	2950
1384	1951
1357	2011
122	2077
140	3582
140	3583
3583	3947
1327	3947
2630	3947
1327	2630
2630	3583
82	2819
1045	2619
76	1614
556	1614
1560	3743
707	3870
2753	3870
2630	3378
3707	3880
56	2004
140	3960
2790	2975
423	1033
200	2249
3888	3889
217	1478
555	1820
13	959
82	2838
3313	3659
3354	3870
78	317
79	317
423	1039
74	421
554	2525
82	2881
1814	2537
383	3532
3245	3532
3246	3532
140	3532
1118	2111
378	2716
566	875
566	1936
241	3239
416	3239
1307	1484
122	2063
122	2064
1362	2787
1806	1810
1236	1983
236	237
78	237
3325	4034
308	1358
76	1358
823	1123
241	3134
102	439
78	439
93	439
647	3448
3501	3503
3501	3502
3500	3503
3502	3503
500	2577
145	2106
1252	2263
2263	2550
1229	3311
1546	2609
78	259
1523	1587
1482	1587
390	1283
390	1281
1330	3406
730	2323
55	1976
1291	3266
140	3557
140	4023
140	3626
930	2064
652	2687
2687	3237
2225	2227
200	2225
2225	2226
200	2227
200	2226
1817	2784
242	2784
168	2490
2490	2491
1118	4060
566	3407
566	3406
2791	2792
140	3875
3875	3876
140	3876
267	2360
114	2360
2295	2360
65	2718
2742	4086
1365	1893
123	145
54	123
146	2860
523	2860
950	1238
246	2914
73	2914
2368	2369
115	2368
114	2369
879	1276
90	1276
308	1276
140	3464
340	3464
416	3918
140	3945
140	3946
140	3944
3944	3946
3944	3945
2468	2756
1269	1279
534	851
233	2688
1330	1943
3260	3408
203	893
780	1700
286	2501
2491	2501
458	3012
660	744
82	2906
802	1457
243	3106
3071	3106
225	3106
929	1979
474	694
3285	3289
3285	3367
56	2024
165	2024
102	3785
406	2605
552	1864
114	2400
200	2150
2630	3415
95	931
1163	3959
1026	3959
528	2518
823	2892
1138	2085
1527	2178
241	3223
922	2857
140	3330
2601	3330
140	3329
454	1186
454	950
114	2399
799	3325
799	1137
1089	1443
305	3231
3290	3295
82	2888
2001	3513
2605	3727
140	3540
3205	3906
1783	2452
416	3126
593	3126
188	814
140	3545
151	2718
2061	2078
502	2078
5	3334
109	330
330	2328
391	694
56	2018
140	3600
388	501
501	1165
273	501
225	3073
243	3073
2215	3073
243	3068
582	1329
234	1329
939	1993
1993	2071
1171	1993
133	2375
114	2375
140	3963
140	3389
383	3696
1320	3696
2631	3809
140	3857
3471	3472
3470	3471
140	3471
3265	3266
140	3265
3264	3265
3244	3441
1388	1756
1927	2931
1364	1387
82	2810
416	3134
140	3232
225	3232
255	3232
458	2513
188	683
1569	1570
891	1425
1281	1282
342	2417
1116	2561
1028	2959
2907	2908
82	2907
3423	3797
823	3099
3099	3100
915	1065
588	1578
353	3087
1880	3776
939	1802
3251	3857
3313	3857
444	3385
452	3385
1111	3385
140	3385
3385	3390
423	1062
1134	2992
444	1593
76	1593
519	1593
2708	4041
852	4041
336	4041
144	2900
773	3566
2810	2911
1133	3443
140	3367
1028	3926
1954	1961
647	1919
370	932
416	932
233	2662
566	648
46	1700
2059	2060
188	781
86	2367
114	2367
342	2367
267	2367
1652	2791
1541	2791
339	1652
3096	3097
3095	3096
3323	3472
3470	3472
3472	3569
409	1936
82	2818
852	1514
1835	1848
228	1848
326	1848
488	1848
2333	2461
78	413
555	1401
2773	3669
1304	3669
114	2386
1028	2727
140	3529
1028	2814
305	1108
1070	1517
136	1687
3323	3567
462	1664
1811	1812
318	1040
318	860
3453	3546
343	894
458	894
76	1740
1739	1740
76	1739
138	1907
1906	1907
425	1906
443	2274
140	3989
1178	2524
1868	1869
2630	3335
243	3057
3208	3325
2603	3491
136	1427
82	2839
1102	2328
1102	1821
140	3633
255	3453
3323	3453
383	3453
140	3453
277	2738
106	2433
3318	4084
1202	1917
102	1559
804	1369
416	1613
140	3655
853	1612
3861	3862
885	960
140	1619
866	868
867	868
2121	2126
241	3020
175	3020
292	3020
123	2720
267	2603
1076	1981
1164	1981
734	1981
200	2230
140	3872
3581	3872
3548	3872
706	1652
239	4094
342	2418
835	1443
386	835
2671	2673
2672	2673
2671	2672
225	2673
225	2674
2671	2674
233	2674
1603	2436
1365	1962
1078	2103
78	361
140	3941
662	2125
76	1536
589	3046
704	1178
1566	2014
240	2014
140	3469
112	2103
78	284
299	2698
2628	2698
2792	4067
80	2122
79	2799
1074	2799
2088	2799
3438	3618
647	930
613	3451
566	3451
296	2373
140	3712
1078	2564
2013	3401
172	617
3305	3689
3689	3766
393	3611
413	1346
2103	2323
1289	1797
315	1797
314	4059
114	2293
1023	1365
948	2590
75	2175
416	2867
257	548
3274	3275
2630	4053
3466	4053
681	1329
556	1329
784	2666
452	1554
140	3889
724	3053
1569	2956
1371	2222
336	1619
3705	3924
101	2679
9	823
168	2485
413	1349
1349	1356
282	1046
711	3120
3691	3717
140	3717
140	3715
458	3715
2517	2971
82	2852
3251	3745
140	3560
1	45
56	2037
391	3027
140	3585
140	3726
1077	3498
1504	1555
416	1504
180	1504
56	1977
1139	2555
2061	2555
2056	2555
868	1027
76	1378
3175	3176
1971	2098
53	2098
870	2098
2588	3572
3572	3966
140	3572
1470	2265
730	2501
758	2501
1649	4027
2125	2141
398	3189
2018	3237
293	2018
354	2018
652	2018
45	2737
1685	2093
114	2349
684	1460
76	1460
1460	1461
3470	3569
54	104
723	3468
3733	3734
458	938
581	1870
652	3830
200	2245
171	2942
195	3821
316	1684
203	3728
74	962
371	1316
481	1700
801	3100
76	1673
3568	3569
3567	3569
56	2030
114	2368
166	2921
1478	2554
3124	3767
1114	2857
1443	1472
614	1729
444	1729
136	1729
2691	3934
1824	3168
90	2759
564	567
550	567
3434	3943
140	3434
390	1275
56	1948
390	1272
114	2381
3	6
225	3105
3070	3105
1365	1486
286	2799
1458	1470
423	1220
647	1989
82	2863
136	1520
2750	2781
140	2641
383	2641
114	2373
1296	2977
893	1220
1220	2741
922	2724
1182	2144
114	1900
870	1900
95	1832
1013	2621
82	2858
178	499
530	4008
82	2812
2812	2821
2630	3591
498	846
125	966
300	1553
308	1553
76	1553
390	1274
239	4095
1326	2640
1578	3103
1578	2800
443	4060
3680	4060
647	4060
1824	4060
390	1280
140	3630
94	102
54	94
326	1878
833	1057
76	1416
140	4016
1	33
3364	3365
1588	2454
93	110
187	3699
575	3699
1499	1661
228	1661
3280	3524
140	3524
910	1060
919	1505
76	1505
93	1505
505	634
112	2024
2263	3228
241	3228
1122	1782
1515	2737
1118	2011
923	1484
1484	2856
2723	2727
279	3669
82	2860
667	1409
136	2708
3684	3933
920	2336
402	2336
82	2526
200	2161
2141	2161
467	4039
618	2784
176	253
74	176
449	1780
200	2132
1069	2945
2570	3318
56	2038
200	2205
106	1416
136	1416
76	1705
1817	3030
2746	3067
1919	3026
1919	3311
390	1266
112	1259
791	1035
910	1116
2568	3362
548	3197
548	2613
887	2915
893	2915
1834	1835
316	1411
140	3578
140	3709
147	2792
1139	2792
54	152
1240	1502
691	832
140	3908
140	3710
3710	3908
155	877
140	2678
3721	3763
3695	3721
919	4060
462	1445
626	1445
1574	2105
1023	2088
1023	1053
165	1707
3361	3766
200	2131
1319	1339
1666	3219
623	731
426	1679
727	1679
76	1679
501	1174
2651	3843
140	3814
2630	3789
9	1053
76	1700
449	1700
511	823
81	2118
752	1163
752	1206
2272	3383
177	467
1586	3386
319	3386
140	3797
928	1027
458	2499
581	2767
1867	1868
354	3781
241	3224
2579	3224
1310	3176
140	3176
581	1532
78	283
133	2392
805	2398
140	3975
863	1768
3270	3967
588	1899
588	1898
851	2178
1297	2178
478	2178
186	1404
2829	2851
82	2829
82	2851
1529	2011
416	1612
3434	3996
991	3434
991	3996
985	3996
984	3996
172	740
178	232
772	3483
1028	3728
233	939
286	1802
140	3662
968	971
968	970
318	1858
318	1428
114	2431
106	2106
917	1579
438	3941
694	2860
609	860
543	609
81	2798
82	2798
566	3652
1879	2790
2160	3149
225	3149
140	3819
215	1369
1151	1565
79	886
146	1690
76	1690
140	4048
3316	4048
1025	1146
56	1710
822	2782
378	2764
235	2764
3183	3381
140	3510
1330	3510
140	3470
140	3840
383	3840
950	3082
267	657
76	1412
128	2909
72	4038
386	1247
1842	3988
76	1576
76	1769
140	3602
83	940
593	3483
967	986
984	986
200	2187
3441	3487
1802	1833
2570	2596
2323	2994
79	2994
3244	3814
973	1022
621	920
241	3221
221	427
76	1723
316	1723
652	1723
292	3607
292	3606
566	831
504	831
653	831
188	831
376	887
147	1810
191	872
191	875
3062	3189
241	3189
1207	1308
220	370
140	4041
114	2443
272	273
271	272
553	2559
76	1719
136	2077
449	2077
949	2062
402	1893
3268	3773
2284	2285
2672	2674
3297	3298
984	3297
984	3299
3296	3298
140	3298
3298	3299
3296	3299
140	3299
140	3297
82	2804
74	1987
3361	3580
3352	3361
2666	2694
438	3833
200	1339
1339	2215
3094	3095
549	3095
3582	3583
688	2919
78	427
3426	3428
76	1587
819	1233
541	1028
553	2058
1302	2592
5	2718
255	3221
140	4035
3729	4035
390	1285
60	1725
76	1456
417	1207
1	38
1927	2118
682	3200
1028	4081
383	3977
3729	3773
918	1945
617	1667
299	617
354	617
1884	2781
3070	3106
1373	1537
416	3224
565	3508
56	1978
140	3869
443	1484
56	2008
151	700
450	1674
3361	3373
2430	2510
1309	3786
115	1024
363	1024
56	1024
1023	1024
56	1023
56	363
78	363
115	1023
363	1023
1768	2831
784	1330
3333	3536
929	1876
473	1630
76	317
232	317
76	1605
423	1066
502	1066
2228	2770
3836	3844
3270	3749
3251	3749
3749	3750
140	3749
3313	3749
2006	2088
2226	2227
364	4068
292	4068
530	3122
76	1434
444	1434
2719	2724
2724	2725
286	2725
76	1681
114	2438
221	2994
3333	3642
241	3085
140	4006
188	856
1370	1371
1183	2818
18	416
165	1900
845	3918
140	3918
383	3579
140	3579
3609	3610
140	3609
1507	4066
1059	1507
314	3610
3610	3713
140	3713
3608	3713
314	3713
593	3713
593	3610
531	1573
3406	3407
140	3407
140	3406
575	3406
575	3407
1330	3407
3421	3800
138	1287
2292	2410
385	1398
2816	2994
318	1860
318	1429
13	128
3244	3542
140	3983
3548	3942
78	329
2283	2285
516	2982
1817	2786
1817	2782
3267	3733
140	3733
3251	3733
937	2957
82	2878
1601	2891
2260	3020
593	4013
3581	4013
83	935
935	936
1139	3785
370	3785
3370	3906
140	3906
513	1754
76	1754
537	1754
53	55
140	3249
140	3873
383	3249
299	3249
1175	1622
1161	1221
587	1720
393	3585
1527	1624
910	1259
107	1259
90	1259
316	1259
1550	2076
1281	1283
2135	2136
1517	2135
200	2135
391	2515
169	391
218	427
175	3489
1817	3870
823	3870
1334	3870
279	2911
369	2260
2738	2739
378	2738
2724	2738
378	2739
188	605
1717	1718
1063	3185
353	3185
140	3185
2215	3185
1477	1542
81	2606
3258	3361
140	3361
140	3649
82	2886
1046	2263
504	1491
528	1491
401	3390
426	3390
373	823
373	585
553	2055
165	4077
297	1032
984	2828
114	2318
1185	3134
1149	1325
1236	1325
1819	1847
326	1819
53	1606
736	3711
3290	3803
140	3803
3258	3803
876	2189
73	2562
1038	1847
3876	3877
102	1137
76	1534
915	1066
200	2247
2561	3200
504	634
5	3027
5	2737
3217	3604
186	1575
76	1575
2619	3077
458	1397
732	3370
140	3576
56	94
94	109
82	94
1177	3363
114	1535
357	862
140	3760
497	609
498	609
615	3107
114	2289
243	3051
299	3051
950	3933
274	1747
1747	4063
115	2369
1321	2369
241	3232
543	1394
3173	3342
2041	2763
1552	2763
343	909
875	2900
751	2759
299	4001
2668	4001
140	4001
1408	3038
180	3464
1824	1884
458	795
795	1472
391	2728
391	3129
140	3550
556	1752
76	1752
385	2711
3721	3722
1637	2983
2594	2983
745	2983
2630	3270
339	2791
3258	3492
688	2978
566	2978
171	2978
2717	3004
1831	1855
195	1534
357	1534
458	1394
3523	3791
3245	3523
140	3523
362	1811
82	2890
668	1215
56	2042
802	1721
186	1721
76	1721
155	1721
114	2351
1997	2915
1824	3933
4014	4015
106	2922
476	672
476	592
151	3295
267	2297
3164	3165
3132	3164
140	3164
2391	3164
241	3164
168	2481
415	2792
186	755
76	755
404	755
820	4078
3430	3432
83	427
501	1443
2413	2666
1129	4027
140	3681
140	4000
1303	2587
273	349
551	3348
1817	2048
188	763
524	763
499	763
579	763
1917	2480
114	2416
82	2820
1783	3994
652	1783
82	2902
76	1571
3295	3693
78	258
80	663
1179	1637
140	3704
140	3702
915	1220
2630	3582
172	297
140	3353
937	1674
458	2878
458	2932
2878	2932
1486	2121
1122	2261
82	467
1835	1849
1788	3231
1	40
95	1620
2051	2785
939	2785
383	3571
458	3477
175	1537
76	1537
478	1218
3521	3885
140	3252
1568	2759
2323	2759
1919	3161
200	2244
3666	3946
3945	3946
54	159
1602	4001
1381	1874
959	1874
270	273
79	1158
140	3661
241	3146
1293	3174
1293	3133
114	279
140	3973
174	468
273	2814
2814	3143
1311	2776
3209	3699
1833	2014
1031	1230
3290	3868
3258	3868
876	2516
441	1449
481	1449
76	1449
136	1449
456	1449
2088	2103
3733	3973
114	2347
391	2509
371	615
401	1554
3252	3482
1331	3252
1603	1941
635	2515
635	1459
383	3829
200	2181
492	1470
144	2921
686	2921
685	2921
734	2921
793	2550
200	2206
111	801
801	3215
2667	3947
329	2818
1555	3310
306	2519
79	263
140	3997
2568	3997
3324	3997
140	3697
151	1352
804	1474
76	1474
1474	1559
114	2437
3352	3593
3703	3704
3702	3704
960	1542
90	2864
481	2555
3571	4049
1239	4027
2291	2438
373	2022
373	1300
542	711
772	3348
2078	3348
1334	3981
566	3023
114	2392
443	1713
659	1370
15	112
971	1020
2099	3601
486	553
1300	2022
383	3444
140	3490
273	3086
1050	3086
1517	1950
3114	3911
267	2412
527	1558
74	282
1033	2512
3500	3502
1552	2144
188	791
3585	3726
995	3864
1032	2469
714	1529
39	93
72	3626
1401	3173
1541	2792
72	2775
1306	3498
823	3498
1419	2972
2972	3776
903	2972
903	1419
78	352
82	2856
128	2856
246	2856
128	246
232	3995
1303	2574
1303	2572
1303	2588
441	618
438	3484
652	3363
775	3452
301	1805
370	1348
90	3848
1041	3848
3470	3977
3840	3977
1935	2115
563	2115
1076	2115
1409	1824
56	2033
2017	2033
316	1463
155	297
732	1775
920	1926
638	1586
778	1586
140	3666
1089	3021
244	3021
244	3005
82	2796
134	2860
2176	2188
2188	2210
39	342
39	56
1433	1434
481	1434
481	1432
481	1433
444	1432
76	1432
1432	1433
136	1433
444	1433
2263	2581
200	2194
342	2900
86	2900
102	2900
1053	2900
9	184
2626	3410
531	1523
1523	1746
76	1523
513	1523
537	1523
712	3147
2595	2878
950	1894
1637	4079
2718	3981
2111	3981
1768	3981
1507	3981
2699	3927
140	3927
277	3020
1073	1961
82	1792
1663	2664
140	3283
1422	3518
556	1753
76	1753
1216	3208
2001	2561
218	2561
2633	3396
82	2895
2142	2832
101	1806
243	3105
686	2248
686	2192
1964	1971
3292	3559
188	648
188	649
648	649
478	648
521	649
200	2223
2223	2224
587	1584
3065	3166
3423	3800
140	3423
215	1863
136	1434
1053	2561
102	1812
101	1812
2610	3608
1367	3844
233	2641
1643	2641
638	3065
114	2418
101	1809
1613	1642
1435	3027
487	1806
1304	2857
919	3028
140	3822
892	2913
1768	2913
892	3061
543	2913
2577	3506
1330	3754
2254	3020
2915	3924
588	2540
140	3569
804	1537
215	1537
2055	3491
2052	3491
78	278
140	3772
511	542
511	1426
542	3100
81	1259
920	1259
543	2083
560	2083
823	2083
383	3566
241	3136
416	3136
292	3136
638	3136
180	3136
299	3136
2292	2411
114	2411
46	2348
884	2744
562	2744
187	758
618	780
618	1139
618	1217
2272	3115
107	161
709	2510
140	3779
1517	3237
155	911
292	3224
582	1149
1149	1236
126	2773
1309	1328
1139	1707
2058	2088
539	2088
513	1677
531	1677
878	3312
2719	2725
402	679
354	3213
188	637
114	2327
3118	3810
3118	3634
383	3810
187	3209
1970	2348
851	1554
520	1554
76	1554
2740	3108
716	4008
316	1680
604	1680
76	1680
107	1680
195	708
182	1287
1572	3181
550	3181
1601	4049
1100	3187
151	1880
140	3641
326	1850
617	707
3776	3942
3480	3529
2630	3480
3480	3588
131	960
448	4086
588	1595
1068	1675
76	468
56	468
2290	2291
114	2290
114	2292
76	1582
457	898
2931	3215
1307	2817
312	1254
2832	2994
140	3472
860	1961
140	3603
140	3905
546	731
200	2166
1114	2469
82	2821
1192	4063
360	2391
136	1491
114	2410
1384	3035
2588	3958
140	3564
891	1464
458	3129
932	3129
140	3883
2912	2913
732	893
200	2210
2125	2210
200	2122
2176	2210
2300	2381
86	2381
2576	2646
1443	3188
3237	3859
734	1047
423	1047
1047	1048
273	1047
95	1982
109	1363
140	3824
937	2781
937	1716
273	2058
479	571
215	571
499	571
188	571
140	3558
2583	3473
427	2753
427	3743
427	3604
3026	3218
188	858
578	858
452	858
132	2511
200	2155
286	2115
140	3592
1357	2022
644	2022
198	2022
1340	2022
140	4043
593	3284
140	3284
1026	1515
1470	2385
647	2394
413	1354
906	2684
688	2981
1817	2115
1153	2542
175	2677
1453	1824
114	2385
118	2385
694	2385
140	3979
138	614
184	1325
90	1448
910	1448
3666	3944
1109	1596
106	1596
1076	1596
3253	3967
2630	3967
140	3967
1246	1622
271	1246
238	239
1459	1847
401	1847
102	2013
584	3700
3271	3585
127	3585
851	3842
2935	3842
1203	1459
1401	2519
12	74
12	13
10	13
10	11
11	12
1	12
1	11
11	13
1	10
220	1036
1171	3050
885	3682
458	1995
195	1995
140	3544
1276	2773
1276	2601
1927	2433
76	1778
423	1131
639	1131
370	1131
444	1131
175	2919
82	2897
233	2585
233	2584
156	2176
225	1309
520	2563
140	3664
76	1525
140	3687
180	3687
2705	3687
299	555
136	1632
140	3695
56	2017
286	3312
255	3512
801	2215
195	2962
140	3593
140	3269
140	3823
3584	3823
3644	3823
3269	3644
3644	4018
140	4018
3584	4018
3477	4018
140	3477
3584	3644
140	3644
3269	3823
140	3584
2287	2388
823	3914
136	1612
241	1612
76	1612
876	1371
245	2753
2288	2789
378	2746
1323	2746
1334	2746
281	584
3315	3668
3315	3667
3315	3570
1824	2144
548	1534
727	1534
2591	2916
1338	2916
913	2430
140	3813
613	829
316	1693
168	2500
426	427
427	805
730	2571
76	1551
1478	1551
490	1551
55	172
55	232
766	1186
423	1186
915	1186
1443	2878
1028	2878
76	1386
694	2961
200	2188
2994	3682
3666	3945
600	601
1	34
677	1370
45	81
3466	3550
3550	3552
3550	3551
721	1824
644	1662
233	2647
652	2647
140	3257
406	2589
82	2882
1030	1047
3624	3653
354	3051
727	1991
1650	1991
140	3667
2635	3533
2279	3533
225	3533
140	3533
255	3533
72	3533
652	3186
659	3024
288	2457
288	886
862	4070
4087	4088
237	4087
4087	4090
1337	2790
416	3900
140	3368
3223	3901
3223	3609
543	1695
1202	1906
2615	3572
564	2982
591	1467
76	1467
1069	2744
3061	3143
3253	3292
140	3292
140	3498
343	2485
876	1041
681	1325
136	1325
234	1325
226	2753
3125	3481
910	911
910	912
155	912
140	3563
78	435
704	4063
136	600
851	2965
388	2841
574	603
574	3187
241	3140
458	3140
1433	2856
758	2856
758	1433
140	3401
557	3842
2656	3842
2630	3489
93	327
172	327
1244	2088
2620	3495
76	1463
566	1964
271	894
3435	3717
2282	2303
299	3547
446	3560
916	950
2193	2194
2194	2196
1345	1914
742	1218
140	4013
142	390
240	1851
1851	2953
593	4003
477	3099
878	1513
771	1472
1552	2864
2631	3394
419	530
186	1630
885	1470
199	208
3473	3667
1764	2509
1316	3753
593	3608
1345	1346
1028	3200
1839	1840
925	952
95	3144
1708	2039
83	941
140	3995
2625	3581
593	3581
1823	1865
960	1823
127	1823
140	3972
1763	2269
78	242
114	242
78	196
1161	3981
823	3981
1817	3981
671	672
3209	3219
381	692
2961	2968
2960	2968
3220	3334
985	986
932	2515
169	932
200	2142
2142	2144
1459	2142
1459	2144
688	1459
3319	3846
1892	1961
1793	1892
140	3663
76	1469
441	1469
314	3223
293	3223
314	3608
3608	3901
140	3901
3609	3901
1452	1453
383	3183
255	3183
2610	3183
312	3183
241	3183
88	3312
76	1717
886	2457
90	938
83	938
287	938
56	938
3240	3848
2668	3848
76	1433
1028	4073
577	2055
673	1650
555	1129
140	3619
81	2732
3289	3368
3368	3766
3289	3367
343	3705
458	3705
140	3705
207	239
225	3068
2931	2947
2010	2199
2199	2941
1484	2010
2010	2941
1484	2941
556	1983
90	758
914	1041
652	3997
343	1361
1482	1523
1196	1817
498	3166
949	3166
455	3166
493	3166
1824	3177
1193	2787
383	3782
653	3782
233	2582
292	2582
2111	2855
273	3926
286	3926
267	2414
146	1564
804	1564
802	1564
800	1564
884	1564
76	1564
549	3097
549	3094
3094	3097
1914	2508
82	2892
138	1917
360	1917
425	1917
1917	1945
102	1917
198	484
1752	1753
3132	3723
3723	3776
3132	3776
1185	2584
2580	2584
658	2641
2593	2641
1824	2641
318	820
2296	3870
342	3870
820	1470
459	2933
4094	4095
1670	2655
967	1014
2417	2418
390	1271
1358	1359
416	3232
519	2476
588	2213
2516	2969
3430	3431
3431	3766
3285	3372
501	863
720	3215
318	4079
2630	3539
377	425
370	2117
657	948
174	2385
526	2994
314	2994
2615	3350
2058	2785
1484	2650
1484	3174
2590	2722
1149	2608
1401	2219
458	2219
851	3121
217	885
200	2248
200	2192
2192	2248
140	3282
1443	1498
458	1498
751	2800
543	2800
2929	2945
925	930
362	1812
521	648
911	912
342	2458
1783	2458
2520	2650
3345	3884
1686	2234
3541	3712
3314	4008
50	949
225	3793
724	3793
107	1605
730	1202
1198	3806
383	3806
140	3806
292	3806
1313	3806
416	3178
558	3178
797	3178
1667	3178
241	3178
3178	3179
2933	2941
458	2933
1	7
3015	3025
232	567
155	467
140	3551
3551	3552
3466	3551
3295	3551
3551	3554
3295	3466
3295	3554
3295	3552
3552	3554
3466	3554
140	3554
2630	3466
3466	3552
140	3552
140	3466
140	4053
2630	3551
1830	1881
1068	2981
114	2467
564	841
1010	1014
969	1014
680	1646
920	1909
1468	1608
481	1468
473	1468
76	1608
136	1608
473	1608
602	1608
481	1608
3449	3476
101	2488
114	2343
1793	1802
2920	2932
688	2932
195	2932
171	2932
2931	2932
851	2932
495	3054
3	4
3	878
3465	3814
2584	2585
2276	2584
824	2007
315	2677
241	2677
225	2677
1116	1117
3289	3803
274	1531
244	3023
3748	4084
2568	4084
1665	2512
657	1376
1042	2190
2316	2431
1	3
95	1041
1000	3785
290	1794
1010	2621
380	2860
73	2883
149	2883
156	2883
485	1058
478	649
3253	3721
3295	3721
140	3721
2931	4071
1867	1869
909	912
271	1622
873	930
242	289
603	1037
909	911
114	2359
2714	2929
823	1037
789	1954
545	571
413	1356
570	2047
688	2715
366	2119
596	2470
1817	2470
2084	2470
913	2470
306	656
1889	1960
369	2256
884	2726
1762	3035
315	1762
1371	1860
484	1793
893	1802
1802	2486
1802	2473
1421	1670
2743	4094
1880	3070
1524	2260
1524	2258
1524	2254
700	1596
76	1596
478	1596
1596	2510
458	1596
520	1596
82	2908
3419	4023
2008	3419
2008	4023
115	1944
1416	3655
2063	2111
751	3033
1093	2934
2893	2894
2853	2893
82	2893
3421	3422
1195	1789
893	1789
82	2801
967	968
968	969
1137	2256
185	886
2605	3793
138	1928
2841	4080
226	2046
413	1351
1138	1897
964	965
391	2271
530	583
1819	3117
277	2739
82	2840
62	109
378	2755
834	1120
543	834
971	1014
2079	2785
466	930
291	1970
413	1345
413	1347
235	1347
1345	1347
370	1345
2605	3970
3796	3797
2168	2186
644	1813
2006	2014
2630	3329
2682	3051
875	3785
3027	3820
1838	2041
360	1290
360	3004
426	2185
738	739
82	2835
689	3205
560	689
195	2968
2027	2028
200	2154
3598	4084
785	1472
2702	4034
640	1047
591	1611
1	61
931	3161
734	931
3095	3097
380	2741
1791	1891
2435	2936
138	1900
901	904
904	2816
114	2281
567	851
188	567
567	606
96	150
1331	1546
3477	3644
1053	4060
2715	2757
378	2757
1330	2616
1911	2951
903	1172
920	1078
1384	2854
695	4083
2321	2425
305	2792
2264	2792
1020	3356
620	1182
918	2105
53	2107
1028	2107
382	2107
1051	1117
1063	1545
1527	1545
1886	2768
286	2505
828	2505
168	2505
261	2505
93	2505
813	1119
506	2091
223	851
223	1162
134	223
223	3016
223	1515
223	796
223	666
3295	3454
195	2945
60	1330
937	1517
937	2234
1517	2136
200	2136
2294	3036
2294	3027
1768	2294
200	2146
390	1259
1663	2701
3108	3150
2679	3150
241	3150
2090	2323
2323	2550
1129	2510
265	1129
82	1606
913	1232
250	2974
516	2974
1411	2297
543	3752
128	2860
2599	2647
2253	3497
342	427
1171	2111
1224	2111
2630	3796
301	2268
243	3052
360	2081
1945	2081
1609	2011
150	286
1178	2260
393	3726
441	4072
2141	2158
1438	2512
235	4069
419	4069
530	2066
593	3414
2572	3414
49	118
3827	4025
86	100
99	100
54	100
2957	2985
399	3318
3419	3626
215	329
329	1183
3271	3295
200	2127
769	2571
3390	3395
2633	3390
3390	3489
3390	3495
2630	3390
140	3390
140	3391
2941	2965
1158	2059
915	2059
122	2059
2630	3797
1	6
6	50
1893	2088
1074	2088
3727	3793
3793	3970
574	903
59	878
1308	1370
1297	1655
1442	1655
1443	1655
1442	2511
1655	2511
1817	2754
1727	4093
1282	1283
13	962
403	1983
1835	1983
3720	3722
3719	3722
2588	3517
114	2403
132	1410
2573	3201
783	1485
3316	3832
140	3832
1265	1970
2929	2930
1094	2930
240	2930
171	2930
1918	2930
888	2910
888	1586
677	888
828	2006
1096	1743
287	1461
287	1041
1158	2079
915	2079
2051	2079
155	1039
123	707
1806	2837
448	1573
932	939
1334	3068
2215	3068
447	928
1	13
50	118
50	88
49	88
50	910
4	50
49	50
1	50
4	49
49	910
1	4
1	49
4	910
7	50
50	878
4	74
49	949
49	74
4	878
172	2539
1622	2977
616	2590
233	2677
1348	1356
1740	1741
2332	2442
988	3349
985	988
988	991
1171	2766
155	1521
2121	2223
437	1038
195	437
437	2953
1232	1238
893	3325
263	3325
1137	3325
1543	1621
1	32
543	3370
1234	1356
370	1356
213	1830
326	1830
1826	1830
84	1679
1326	1464
290	1789
1432	1434
55	156
383	2274
292	2274
880	1957
1346	1347
3506	3507
297	2469
1809	2022
910	2522
627	1190
309	1182
893	1150
2158	2161
2157	2161
2157	2158
3626	3681
1030	1934
3309	3814
277	2724
90	2724
378	2724
155	2724
286	2724
89	2724
126	1546
583	1426
524	1426
805	3513
3249	3873
3278	3873
2010	2728
149	2923
1334	1966
590	3166
114	2421
898	931
537	1746
1527	1746
76	1746
531	1746
2630	3794
3267	3794
3251	3794
3313	3794
2420	3081
2141	2157
2913	3061
1094	1192
1	35
125	963
1178	2254
1178	2253
3523	3963
2962	2976
319	2976
171	2976
1976	2832
3477	3823
1369	2746
82	1954
896	1743
371	4080
711	2706
515	698
273	1467
2253	3635
238	240
195	238
78	238
804	1690
1053	2039
2630	3833
3356	3833
140	3833
1334	2719
2331	2357
2331	2442
2291	2305
114	2291
872	1887
15	1806
2868	2935
3251	3750
3313	3750
140	3750
3270	3750
305	1210
2010	2856
1139	2856
923	2856
1371	2039
1214	3058
1045	1586
758	2001
2288	2498
1393	2268
651	750
136	750
76	750
1792	1993
699	2488
440	1864
971	990
218	2941
1443	3140
2039	3696
145	3013
851	2950
1089	2277
114	2374
197	1833
1565	2516
82	1890
2744	2759
2744	2760
2744	2761
2328	2744
2760	2761
82	2853
82	2894
967	987
114	2456
665	835
474	835
474	665
326	1874
114	1874
114	2355
2354	2355
2306	2355
2310	2355
2310	2354
114	2354
2306	2354
2300	2354
114	2309
1934	2968
171	2968
815	1502
734	1502
286	288
897	1763
566	809
2263	3645
1334	1729
76	1729
516	1454
246	2816
1404	1543
2662	2663
391	3234
644	696
695	696
76	696
1781	3035
206	1544
1160	1935
1552	2542
75	2542
200	2183
80	2350
114	2350
2015	2350
2298	2360
168	2491
279	2521
1203	2521
172	2521
89	2521
2684	2936
3024	3025
3500	3501
1028	2932
1443	2932
147	2275
200	2207
934	2961
171	2961
2860	3243
326	1868
939	2385
520	2942
2941	2942
2708	3334
762	916
83	916
255	2274
164	2274
2013	2271
3366	3639
107	2138
1308	3093
114	2340
349	3776
2052	4095
939	4095
677	1053
1901	1971
1891	1901
128	1901
342	1901
114	2405
2320	2405
991	3340
985	3340
1667	3060
1667	3059
3047	3059
398	3059
243	3059
472	1585
2213	2957
1517	2957
81	362
3309	3707
3650	3707
3651	3707
140	3707
140	3650
969	1020
1906	2337
1906	2336
1180	1906
114	1906
1906	2323
79	1906
138	1906
1074	1906
813	1498
552	1623
200	2139
2046	2718
2091	2718
611	1197
724	1748
784	1748
362	1807
1632	1635
195	1405
915	3566
1223	3230
1223	2599
114	2464
499	777
188	777
335	777
776	777
777	778
775	777
3733	3774
3344	3733
887	1945
2176	2980
3702	3703
3701	3703
140	3703
140	3701
1817	1840
2435	2994
155	2435
2726	2737
2718	2726
1215	1897
1768	1943
1535	1854
2295	2298
2630	3361
1243	1914
1243	1899
1243	1756
920	1039
1039	1196
89	1039
1483	3311
1483	3743
80	1679
1028	2764
3938	3939
1222	1944
2621	3295
3389	3963
277	957
368	957
957	958
83	957
2515	2856
2121	2184
449	1377
76	1377
342	1377
932	1824
195	932
915	916
893	916
3366	3489
3439	3489
3395	3489
2633	3489
3489	3495
2633	3395
3439	3495
3395	3439
3395	3495
3495	3639
140	3495
3396	3495
2633	3495
3366	3495
3366	3439
140	3396
140	3395
3396	3639
3395	3396
140	3639
543	1705
1443	3705
958	3705
441	3705
958	1538
1443	1538
1538	3705
286	4076
2228	2746
642	2746
1304	2746
290	1172
1171	1172
56	2040
192	2040
56	2022
455	2022
445	716
445	1118
445	1286
1118	1286
1142	1286
713	1286
716	1286
713	1118
713	716
713	1883
3608	3609
1607	2430
773	3687
3687	3688
299	3687
217	401
215	1764
949	1764
1183	1764
949	1183
3344	3418
27	2718
218	2092
972	988
973	988
967	988
984	988
1411	2051
119	308
1765	2886
172	2549
114	2338
2628	3605
140	3605
2621	3605
2630	3605
2583	3605
556	1498
560	1498
172	1413
1443	3012
386	3012
441	1407
116	1407
76	1407
122	2057
764	1626
80	1626
119	1626
193	1626
297	1094
1401	1820
390	1277
171	2964
2964	2967
138	1904
2630	3673
3259	3673
3346	3673
3258	3673
551	740
1507	2093
3389	3523
492	1542
194	1542
76	1542
244	2994
647	939
7	49
2256	3933
2253	3933
695	4082
2666	2837
200	2149
2149	2200
686	2149
200	2157
604	2149
200	2167
200	2200
686	2200
2149	2167
1055	2149
2157	2200
3567	3568
3568	3952
3568	3950
383	3950
140	3950
3950	3951
385	2054
122	2054
1150	1202
1150	3021
915	1150
1552	2041
409	2098
3285	3802
3285	3514
140	3285
3285	3613
2630	3285
1139	1596
1603	2303
3317	3674
301	1789
1789	1795
1139	1789
929	2995
413	1353
78	288
56	288
402	2816
223	402
128	2117
109	2898
1947	2898
118	2898
959	2898
1953	2898
3039	3040
1063	1078
107	898
670	2928
496	873
93	496
496	1048
2279	3335
3334	3335
1543	3481
3823	4018
566	2751
1083	2261
249	859
3581	3942
56	2019
146	1369
297	939
297	1145
297	2468
297	1060
320	1993
89	129
1914	1997
128	1914
2194	2195
2299	2340
2300	2340
878	1988
92	1158
1371	1435
1435	1436
116	1435
116	1363
97	935
437	694
502	2841
195	755
196	242
196	949
196	381
381	2783
381	2782
242	381
196	2783
225	3069
1320	2745
1168	2490
286	2490
851	1376
581	1376
727	1376
528	1376
92	2061
1375	2061
1827	2790
200	2241
82	2836
200	2140
3215	3995
3994	3995
3245	3791
2392	2718
2290	2411
3357	3378
941	942
232	942
594	942
83	942
113	2114
114	2301
736	2581
1334	2222
2222	2601
2480	2776
939	1852
89	2542
155	2542
244	2542
172	2542
426	2951
309	893
486	863
486	762
1171	2071
188	696
3251	3756
3267	3756
140	3756
3295	3756
1891	1918
1891	4091
1528	3990
2321	2459
2362	2459
2459	2460
2362	2460
2424	2459
114	2459
3226	3383
1138	1987
342	1987
56	1987
53	1987
115	1987
3118	3560
53	2103
913	2265
314	1599
664	1599
480	1599
600	1090
1139	1273
364	365
78	365
543	1276
546	1367
2920	2979
195	2979
2931	2979
644	4059
567	1476
3678	3679
3309	3760
357	1474
925	1474
172	2546
94	1507
9	316
9	416
9	3334
9	2630
9	1330
1616	2138
1850	1852
1831	1850
1850	1851
1229	1850
3494	3696
140	3696
1334	3073
233	2581
140	2581
652	2581
808	1483
82	2806
2333	2357
2333	2442
2333	2462
2442	2462
242	2781
950	3926
380	2591
383	1246
3934	3935
267	2599
3695	3763
3295	3763
1249	1250
1200	1249
353	1249
3292	3498
232	4081
502	4081
236	4081
1459	4081
4080	4081
60	2348
884	2457
873	2262
531	1598
76	1598
1597	1598
670	1598
537	1598
3118	3359
348	478
915	1219
73	150
54	150
788	3215
788	2215
349	1221
1227	1487
113	441
529	2947
184	3870
218	655
2572	3236
342	2525
1202	2107
342	2107
1951	2107
2107	2323
833	1573
626	2011
3939	3940
6	308
6	7
6	910
2305	2438
2290	2305
2290	2292
243	3079
114	2311
1524	2253
1674	2215
1183	1372
1183	1373
1372	1373
215	1372
887	2392
3609	3713
3223	3943
1824	1830
643	750
74	750
188	750
402	422
75	422
149	422
3570	3668
140	3668
370	1225
639	1225
1028	1225
390	1269
2064	2515
1459	2064
1896	1939
149	2253
1924	2253
2294	2729
1	65
154	2184
951	2088
131	2088
1363	1436
136	1363
82	242
1144	2041
929	2367
461	2731
1234	4065
1634	2987
798	1483
1455	1483
2294	2558
2965	2966
171	2966
173	2966
292	2966
2308	2315
114	2315
141	940
1511	3933
1511	1528
520	1511
1511	3145
76	1511
483	1511
516	1511
2724	2739
2630	3554
1616	2192
133	1259
56	1259
1139	1259
632	1239
200	2184
2405	2407
543	833
2853	2894
1873	2732
1821	2732
132	745
2081	3404
1927	3404
236	1459
331	2832
91	1970
1809	1970
1442	1691
730	1442
92	1355
1781	3048
225	1670
308	1117
408	2474
338	3200
151	2332
2292	2305
2568	3570
3180	3975
615	2253
200	2141
441	2782
487	1379
76	1379
1379	1389
107	1379
1313	2698
241	2698
233	2698
109	2732
390	1260
1208	2515
400	1453
76	1453
470	1453
471	1453
1453	2593
186	1453
76	1451
1451	1452
470	1452
186	1452
76	1452
470	1451
115	363
708	1165
340	2367
499	2367
543	2367
1586	2367
1218	2367
439	1116
243	3069
76	1626
932	1459
458	932
613	932
83	932
3354	3951
3263	3951
2637	3951
3568	3951
140	3951
1406	1619
326	1840
136	1840
487	1840
114	2406
2308	2406
2406	2407
2320	2407
106	1693
215	1500
1499	1500
1	31
3070	3238
225	3238
3071	3238
241	3071
1977	1986
2070	2735
960	2922
1139	3960
735	2663
2263	2663
233	2663
652	2663
1314	3788
347	3788
299	3788
140	3788
231	458
387	851
745	3098
426	4079
449	2747
53	169
413	1355
1054	1459
593	3145
2664	3124
321	1169
3423	3424
286	2474
168	2474
168	2475
418	2475
418	2474
1300	3128
3226	3491
195	1932
292	679
516	679
188	679
3329	3330
2781	2782
2780	2782
1645	2782
242	2780
242	1645
1645	2780
2780	2781
1645	2781
69	588
853	1553
984	3298
1388	3080
3431	3432
985	992
992	993
984	992
984	993
991	993
967	992
1396	2938
3546	3567
83	911
875	2543
243	3074
526	3074
2637	4060
379	2916
419	533
1054	1237
1237	2529
915	1237
893	1237
1153	1237
423	1237
168	2478
1783	2427
2424	2427
114	2427
267	2427
1814	2775
3255	4006
156	200
2487	4091
1075	4091
165	1805
1139	1805
290	1805
290	1804
82	169
2945	2962
2756	2975
3252	3786
1326	3252
1313	4034
1314	4034
1320	4034
140	4034
2619	3044
1864	2971
3622	3717
3640	3717
2980	2985
171	2985
171	2984
1328	3508
694	2968
540	2856
2215	2856
1762	3318
1762	3171
1836	2742
1031	1356
353	1356
80	1991
3453	3952
1711	2641
1571	1728
492	1571
136	1571
1	55
114	2444
445	1142
445	713
551	2435
478	2435
164	223
3667	3668
380	892
200	2195
2195	2196
2193	2196
200	2196
3567	3951
1772	2996
1323	2719
378	2719
243	3099
875	2254
577	682
1138	2938
128	2041
128	2046
2041	2045
378	2041
2041	2718
217	219
3892	3893
56	2026
1645	1646
1646	1647
156	2919
156	1528
75	2919
1528	2919
949	3494
54	163
83	886
1925	2275
1074	1907
1320	3759
383	3759
2680	3759
2572	3759
140	3759
2630	3759
1448	2728
114	2090
127	2184
3288	3839
83	930
487	2085
960	2085
122	2085
462	1659
444	1659
1042	1659
1659	1660
76	1659
3371	3570
1470	2995
89	2995
78	366
3528	3588
3528	3587
3587	3800
1851	1852
2621	3051
342	2373
2303	2373
260	371
74	371
1296	1302
543	1296
1461	3906
1865	2487
2291	2292
635	4063
635	1101
3671	3765
1748	2640
416	1748
241	1748
1315	1748
136	1748
76	1748
2167	2200
1180	2014
1935	2014
875	2014
244	3025
3014	3025
461	3025
3016	3025
659	3025
3025	3174
686	2185
1028	2254
1316	2520
140	2520
791	913
93	791
791	1224
2648	2745
2612	2745
78	189
2321	2364
2363	2364
2298	2364
2362	2364
114	2364
223	2841
2538	2841
82	2841
132	1991
1838	1927
1443	1554
458	1554
860	1743
801	1183
887	1908
2080	2468
2080	2993
1397	2948
267	2431
53	2117
3133	3173
3173	3174
416	3173
370	3173
2650	3173
241	3173
186	1451
616	1049
1375	2981
1544	3904
1697	3518
1054	2515
3578	3709
185	2915
56	1985
200	2193
1584	2754
1584	2056
1419	1584
75	1584
1572	1584
183	1584
76	1584
1584	1824
478	1584
652	1584
734	1584
1819	2878
1401	1819
1441	2997
90	2997
878	2997
264	2478
1043	2478
893	2478
2323	2478
1143	2478
93	2478
172	2478
2478	2479
1141	2478
111	2770
543	2622
128	2480
443	2118
2118	2753
213	1881
1824	1881
478	1881
1880	1881
326	1881
1857	1881
1656	1927
215	1590
357	1590
59	1970
458	2118
95	2118
2630	3587
2630	3588
224	2385
76	1733
588	2268
200	2175
140	3567
140	3952
383	3952
3323	3952
383	3546
3323	3951
83	952
78	445
127	1888
279	3960
1499	2323
2629	3966
2629	3485
2629	3486
2629	3679
1472	2510
3290	3372
2501	3770
1319	3336
1319	3339
878	958
82	755
1588	2775
2747	2775
378	2775
1406	1407
1407	1408
659	3060
1656	3060
2916	3060
656	1759
95	1361
73	1144
255	1254
1295	2420
861	2420
1056	2420
823	2420
1112	2420
309	3401
1126	2144
1161	2144
2508	2559
1370	2690
86	2909
1924	2909
200	2236
983	3459
1617	2515
2078	3769
2501	3769
603	702
188	702
482	1529
195	3497
478	3497
140	3497
1960	1961
870	1960
86	1960
2816	2914
927	2563
1424	2563
873	2931
1304	1662
593	3646
1952	3243
195	3243
380	3243
134	3243
1115	3243
195	1952
380	1952
1115	1952
134	1952
2638	2639
233	2639
438	2639
1105	1937
1028	3314
15	56
1	15
111	2856
694	3821
343	3821
458	3821
735	4022
76	1642
873	2010
287	2010
1198	3131
928	1889
706	1326
2912	3072
3606	3607
593	3606
593	3607
140	3606
314	3606
876	882
2321	2363
114	2305
293	3119
541	1515
3032	3088
1152	3959
94	1821
1824	1857
949	2704
2149	2157
140	4039
3145	4039
1082	4068
526	4068
454	4068
794	4068
430	4068
1028	4068
195	4068
235	4068
507	4068
1019	3357
3333	3574
789	1978
504	856
985	993
967	993
188	646
284	1434
149	898
149	169
1320	3325
1320	3494
1314	3325
1314	3494
449	3209
127	574
582	2367
305	400
78	305
543	2917
674	2508
1471	2508
914	2508
913	2508
1202	2336
1946	2336
708	3237
312	580
107	169
195	2970
171	2970
893	1875
241	3243
487	1839
326	1839
326	1833
245	1833
336	3990
653	3990
172	763
76	1468
2283	2300
2284	2300
2300	2306
114	2283
114	2299
2299	2300
1937	2479
1403	1404
84	1403
56	2027
576	2983