0	1
4031	4038
4027	4038
4027	4032
4027	4031
4026	4030
4023	4038
4023	4034
4023	4031
4023	4030
4021	4030
4021	4026
4020	4038
4020	4037
4020	4031
4020	4030
4020	4027
4019	4030
4019	4026
4018	4030
4018	4023
4017	4030
4017	4026
4017	4021
4016	4025
4014	4038
4014	4037
4014	4030
4014	4023
4014	4021
4014	4017
4013	4038
4013	4031
4013	4023
4011	4031
4009	4030
4009	4023
4009	4019
4007	4025
4007	4016
4006	4027
4004	4038
4004	4031
4004	4030
4004	4023
4004	4020
4004	4013
4003	4030
4003	4023
4003	4009
4002	4031
4002	4027
4002	4023
4002	4020
4001	4029
4000	4033
4000	4030
4000	4026
4000	4021
4000	4017
3999	4036
3999	4005
3998	4023
3998	4021
3998	4019
3998	4018
3998	4014
3998	4009
3998	4005
3998	4002
3998	3999
3997	4030
3997	4023
3997	4021
3997	4019
3997	4018
3997	4009
3997	3998
3996	4028
3996	4002
3995	4026
3995	4023
3995	4014
3995	4004
3995	4000
3994	4030
3994	4023
3994	4019
3994	4018
3994	4009
3994	3998
3994	3997
3994	3996
3993	4030
3993	4004
3993	3995
3992	4017
3992	4000
3991	4031
3990	4025
3990	4016
3990	4007
3989	4038
3989	4013
3989	4011
3989	3991
3988	4030
3988	4021
3988	3995
3988	3993
3987	4012
3986	4033
3986	4030
3986	4026
3986	4021
3986	4017
3986	4014
3986	4000
3985	4014
3985	4004
3985	3995
3985	3993
3985	3988
3983	4017
3982	4037
3982	4030
3982	4026
3982	4023
3982	4021
3982	4014
3982	4009
3982	4003
3982	3998
3982	3997
3982	3994
3982	3988
3982	3986
3981	4023
3981	4019
3981	4018
3981	4009
3981	3998
3981	3997
3981	3994
3980	4038
3980	4037
3980	4036
3980	4035
3980	4034
3980	4033
3980	4032
3980	4031
3980	4030
3980	4029
3980	4028
3980	4027
3980	4026
3980	4025
3980	4024
3980	4023
3980	4022
3980	4021
3980	4020
3980	4019
3980	4018
3980	4017
3980	4016
3980	4015
3980	4014
3980	4013
3980	4012
3980	4011
3980	4010
3980	4009
3980	4008
3980	4007
3980	4006
3980	4005
3980	4004
3980	4003
3980	4002
3980	4001
3980	4000
3980	3999
3980	3998
3980	3997
3980	3996
3980	3995
3980	3994
3980	3993
3980	3992
3980	3991
3980	3990
3980	3989
3980	3988
3980	3987
3980	3986
3980	3985
3980	3984
3980	3983
3980	3982
3980	3981
3968	3971
3966	3971
3964	3967
3962	3968
3960	3967
3957	3975
3956	3972
3956	3964
3951	3969
3951	3958
3950	3979
3948	3971
3948	3968
3948	3962
3947	3976
3947	3973
3947	3951
3945	3972
3945	3956
3944	3962
3944	3948
3943	3948
3940	3966
3939	3963
3938	3971
3938	3968
3938	3966
3938	3962
3938	3948
3938	3943
3937	3945
3933	3967
3933	3964
3933	3960
3931	3947
3930	3941
3930	3938
3930	3934
3929	3948
3927	3945
3926	3971
3926	3968
3926	3966
3926	3943
3926	3938
3926	3934
3926	3930
3925	3961
3924	3976
3924	3969
3924	3951
3924	3947
3920	3967
3920	3964
3920	3960
3920	3933
3918	3975
3918	3957
3918	3923
3916	3950
3915	3972
3915	3956
3915	3945
3914	3978
3914	3967
3914	3915
3912	3917
3909	3976
3909	3945
3909	3931
3909	3924
3907	3960
3907	3921
3906	3976
3906	3973
3906	3969
3906	3937
3906	3931
3906	3924
3906	3909
3903	3969
3903	3951
3903	3924
3902	3966
3902	3940
3902	3938
3902	3934
3902	3930
3902	3926
3901	3933
3901	3918
3900	3976
3900	3969
3900	3951
3900	3947
3900	3924
3900	3909
3900	3906
3899	3957
3898	3919
3897	3908
3896	3976
3896	3969
3896	3951
3896	3924
3896	3903
3894	3963
3893	3941
3892	3917
3892	3912
3891	3966
3891	3930
3891	3926
3891	3916
3891	3902
3890	3927
3889	3943
3889	3938
3888	3979
3888	3950
3887	3931
3886	3971
3886	3968
3886	3962
3886	3948
3884	3971
3884	3968
3884	3948
3884	3938
3884	3930
3884	3926
3884	3902
3883	3919
3883	3898
3880	3970
3880	3908
3879	3918
3878	3903
3877	3971
3877	3968
3877	3966
3877	3962
3877	3948
3877	3943
3877	3938
3877	3930
3877	3929
3877	3902
3877	3886
3875	3887
3874	3917
3874	3912
3874	3892
3873	3971
3873	3968
3873	3966
3873	3962
3873	3948
3873	3943
3873	3938
3873	3902
3873	3886
3873	3877
3872	3979
3872	3950
3872	3888
3871	3917
3870	3951
3870	3947
3870	3924
3870	3906
3870	3903
3870	3900
3870	3896
3869	3947
3869	3931
3869	3924
3869	3906
3869	3900
3869	3870
3868	3917
3868	3912
3868	3892
3868	3874
3867	3921
3867	3907
3866	3947
3866	3906
3866	3881
3864	3911
3863	3894
3862	3921
3862	3867
3861	3954
3861	3904
3860	3966
3860	3938
3860	3930
3860	3913
3860	3902
3860	3884
3859	3870
3859	3861
3858	3938
3858	3930
3858	3926
3858	3913
3858	3884
3858	3860
3857	3917
3857	3868
3855	3976
3854	3918
3852	3971
3852	3966
3852	3926
3852	3902
3852	3886
3852	3877
3852	3873
3851	3971
3851	3968
3851	3966
3851	3948
3851	3943
3851	3938
3851	3889
3851	3877
3851	3873
3849	3904
3849	3861
3848	3918
3847	3979
3847	3953
3847	3916
3845	3966
3845	3902
3845	3891
3845	3851
3844	3848
3843	3927
3842	3971
3842	3968
3842	3966
3842	3948
3842	3938
3842	3929
3842	3908
3842	3886
3842	3877
3842	3873
3842	3851
3841	3962
3841	3950
3841	3948
3841	3938
3841	3929
3841	3851
3840	3850
3838	3971
3838	3966
3838	3944
3838	3943
3838	3940
3838	3938
3838	3934
3838	3930
3838	3926
3838	3902
3838	3891
3838	3884
3838	3877
3838	3860
3838	3852
3838	3851
3838	3845
3837	3975
3837	3957
3837	3918
3836	3975
3836	3964
3836	3957
3836	3918
3836	3910
3836	3899
3836	3893
3836	3837
3835	3921
3835	3907
3835	3867
3835	3862
3835	3850
3834	3881
3833	3976
3833	3973
3833	3969
3833	3951
3833	3947
3833	3924
3833	3909
3833	3906
3833	3900
3833	3896
3833	3869
3831	3971
3831	3968
3831	3938
3831	3884
3831	3851
3831	3842
3830	3971
3830	3970
3830	3968
3830	3966
3830	3962
3830	3957
3830	3948
3830	3943
3830	3930
3830	3926
3830	3919
3830	3918
3830	3913
3830	3911
3830	3902
3830	3898
3830	3886
3830	3883
3830	3880
3830	3873
3830	3864
3830	3860
3830	3858
3830	3851
3830	3842
3830	3841
3830	3832
3830	3831
3829	3972
3829	3956
3829	3945
3829	3915
3829	3900
3829	3843
3828	3966
3828	3938
3828	3860
3828	3838
3826	3976
3826	3969
3826	3958
3826	3951
3826	3947
3826	3924
3826	3909
3826	3906
3826	3900
3826	3896
3826	3890
3826	3870
3826	3869
3826	3833
3825	3931
3825	3927
3825	3893
3825	3843
3824	3966
3824	3938
3824	3926
3824	3913
3824	3902
3824	3884
3824	3877
3824	3873
3824	3860
3824	3858
3824	3838
3824	3831
3824	3830
3823	3956
3823	3946
3823	3927
3822	3976
3822	3969
3822	3951
3822	3924
3822	3909
3822	3906
3822	3900
3822	3896
3822	3870
3822	3869
3822	3855
3822	3833
3822	3826
3821	3947
3821	3933
3821	3931
3821	3927
3821	3906
3821	3881
3821	3878
3821	3834
3821	3829
3821	3825
3819	3917
3819	3912
3819	3874
3819	3868
3818	3896
3818	3866
3817	3971
3817	3851
3817	3842
3817	3831
3815	3921
3815	3907
3815	3867
3815	3835
3814	3949
3813	3911
3813	3864
3813	3830
3811	3949
3810	3951
3810	3947
3810	3924
3810	3906
3810	3896
3810	3881
3810	3855
3810	3833
3809	3960
3809	3933
3809	3920
3809	3901
3809	3887
3806	3963
3806	3905
3806	3894
3805	3950
3805	3916
3804	3938
3804	3930
3804	3926
3804	3913
3804	3902
3804	3884
3804	3860
3804	3858
3804	3845
3804	3838
3804	3830
3804	3824
3803	3906
3803	3890
3803	3869
3803	3821
3802	3921
3802	3907
3802	3835
3801	3921
3801	3885
3800	3962
3800	3944
3800	3943
3800	3938
3800	3926
3800	3913
3800	3851
3800	3838
3800	3830
3800	3824
3800	3804
3799	3952
3799	3932
3799	3918
3799	3848
3799	3844
3797	3971
3797	3968
3797	3962
3797	3948
3797	3938
3797	3886
3797	3872
3797	3851
3797	3842
3797	3830
3796	3950
3796	3851
3796	3797
3795	3929
3795	3830
3794	3969
3794	3951
3794	3947
3794	3924
3794	3914
3794	3909
3794	3906
3794	3903
3794	3900
3794	3870
3794	3869
3794	3855
3794	3833
3794	3826
3794	3822
3793	3976
3793	3973
3793	3951
3793	3947
3793	3931
3793	3924
3793	3906
3793	3900
3793	3896
3793	3870
3793	3866
3793	3833
3793	3826
3793	3825
3793	3822
3793	3818
3793	3810
3793	3803
3793	3794
3792	3969
3792	3951
3792	3924
3792	3882
3792	3822
3791	3967
3791	3964
3791	3960
3791	3933
3791	3920
3791	3901
3791	3809
3790	3938
3790	3926
3790	3913
3790	3902
3790	3884
3790	3860
3790	3858
3790	3851
3790	3845
3790	3838
3790	3832
3790	3830
3790	3828
3790	3824
3790	3804
3790	3800
3789	3923
3789	3918
3789	3807
3788	3841
3787	3923
3786	3947
3786	3945
3786	3906
3786	3900
3786	3822
3786	3810
3786	3793
3785	3966
3785	3860
3785	3858
3785	3800
3784	3973
3784	3947
3784	3906
3784	3896
3784	3833
3784	3793
3783	3960
3783	3933
3783	3920
3783	3809
3783	3791
3782	3947
3782	3945
3782	3931
3782	3927
3782	3906
3782	3881
3782	3866
3782	3836
3782	3818
3782	3810
3782	3793
3782	3786
3781	3946
3781	3823
3780	3971
3780	3966
3780	3929
3780	3877
3780	3851
3780	3842
3779	3979
3779	3941
3779	3938
3779	3930
3779	3872
3778	3876
3778	3827
3777	3829
3777	3803
3776	3967
3776	3964
3776	3960
3776	3933
3776	3920
3776	3809
3776	3791
3776	3783
3775	3953
3775	3895
3775	3847
3774	3975
3774	3957
3774	3918
3774	3910
3774	3899
3774	3837
3774	3836
3773	3850
3773	3802
3773	3778
3772	3968
3772	3950
3772	3847
3772	3779
3771	3956
3771	3949
3771	3855
3769	3977
3769	3778
3768	3947
3768	3945
3768	3914
3768	3906
3768	3866
3768	3818
3768	3810
3768	3793
3768	3786
3768	3782
3768	3770
3767	3958
3767	3927
3767	3829
3767	3803
3767	3782
3766	3964
3766	3933
3766	3809
3766	3791
3766	3776
3765	3930
3765	3830
3764	3972
3764	3931
3764	3927
3764	3915
3764	3895
3764	3881
3764	3834
3764	3825
3764	3821
3764	3818
3764	3810
3764	3793
3764	3767
3763	3924
3763	3810
3763	3799
3763	3793
3763	3782
3762	3934
3762	3930
3762	3902
3762	3884
3762	3824
3762	3804
3762	3800
3761	3972
3761	3956
3761	3945
3761	3915
3761	3829
3760	3962
3760	3948
3760	3830
3759	3975
3759	3965
3759	3957
3759	3918
3759	3837
3759	3836
3759	3774
3758	3969
3758	3951
3758	3947
3758	3945
3758	3937
3758	3924
3758	3906
3758	3855
3758	3833
3758	3829
3758	3825
3758	3818
3758	3810
3758	3793
3758	3786
3758	3782
3758	3777
3758	3768
3758	3764
3758	3761
3757	3975
3757	3957
3757	3918
3757	3899
3757	3837
3757	3836
3757	3774
3757	3759
3756	3968
3756	3962
3756	3948
3756	3944
3756	3943
3756	3938
3756	3929
3756	3889
3756	3886
3756	3884
3756	3877
3756	3851
3756	3841
3756	3830
3756	3828
3756	3824
3756	3800
3756	3797
3756	3785
3756	3772
3755	3971
3755	3926
3755	3830
3754	3927
3753	3921
3753	3907
3753	3876
3753	3867
3753	3850
3753	3835
3753	3802
3753	3778
3753	3773
3752	3972
3752	3945
3752	3937
3752	3915
3752	3829
3752	3764
3752	3761
3751	3923
3751	3789
3751	3787
3750	3971
3750	3968
3750	3950
3750	3948
3750	3938
3750	3884
3750	3877
3750	3851
3750	3831
3750	3830
3750	3797
3750	3795
3750	3779
3750	3756
3749	3923
3749	3918
3749	3789
3749	3751
3747	3967
3747	3964
3747	3960
3747	3933
3747	3920
3747	3809
3747	3791
3747	3783
3747	3776
3747	3766
3746	3846
3745	3949
3745	3812
3744	3830
3743	3917
3743	3912
3743	3892
3743	3874
3743	3871
3743	3868
3743	3857
3743	3819
3742	3954
3742	3861
3742	3849
3741	3966
3741	3948
3741	3938
3741	3877
3741	3852
3741	3851
3741	3830
3741	3797
3741	3780
3740	3977
3740	3921
3740	3907
3740	3867
3740	3865
3740	3862
3740	3835
3740	3815
3739	3912
3739	3892
3739	3874
3739	3871
3739	3868
3739	3819
3739	3743
3738	3972
3738	3956
3738	3945
3738	3937
3738	3915
3738	3859
3738	3829
3738	3821
3738	3782
3738	3761
3738	3754
3738	3752
3737	3966
3737	3938
3737	3930
3737	3884
3737	3873
3737	3860
3737	3858
3737	3838
3737	3824
3737	3804
3737	3800
3737	3790
3736	3968
3736	3948
3736	3938
3736	3873
3736	3842
3736	3831
3736	3830
3736	3785
3735	3921
3735	3867
3735	3753
3735	3740
3734	3971
3734	3968
3734	3962
3734	3948
3734	3938
3734	3929
3734	3884
3734	3877
3734	3873
3734	3851
3734	3841
3734	3830
3734	3824
3734	3800
3734	3788
3734	3760
3734	3756
3734	3737
3733	3954
3733	3861
3731	3966
3731	3938
3731	3926
3731	3913
3731	3902
3731	3891
3731	3884
3731	3877
3731	3860
3731	3858
3731	3824
3731	3804
3731	3800
3731	3790
3731	3785
3731	3762
3731	3736
3730	3926
3730	3913
3730	3832
3730	3824
3730	3804
3730	3800
3730	3790
3730	3737
3730	3731
3728	3921
3728	3907
3728	3867
3728	3862
3728	3835
3728	3815
3728	3769
3728	3753
3728	3740
3728	3735
3727	3949
3727	3771
3727	3745
3726	3972
3726	3956
3726	3945
3726	3909
3726	3861
3726	3829
3726	3752
3726	3738
3725	3917
3725	3912
3725	3892
3725	3874
3725	3871
3725	3868
3725	3857
3725	3819
3725	3743
3725	3739
3723	3961
3722	3921
3722	3918
3722	3907
3722	3876
3722	3862
3722	3850
3722	3835
3722	3827
3722	3802
3722	3778
3722	3773
3722	3753
3722	3740
3722	3728
3721	3968
3721	3948
3721	3938
3721	3877
3721	3873
3721	3860
3721	3858
3721	3830
3721	3797
3721	3796
3721	3756
3721	3741
3720	3923
3720	3918
3720	3802
3720	3789
3720	3787
3720	3751
3720	3749
3719	3951
3719	3927
3719	3924
3719	3895
3719	3810
3719	3770
3719	3764
3719	3758
3718	3969
3718	3951
3718	3947
3718	3924
3718	3906
3718	3903
3718	3900
3718	3896
3718	3870
3718	3833
3718	3826
3718	3822
3718	3810
3718	3793
3718	3792
3718	3758
3717	3830
3717	3744
3716	3932
3716	3799
3715	3921
3715	3907
3715	3867
3715	3835
3715	3815
3715	3740
3714	3951
3714	3924
3714	3906
3714	3900
3714	3870
3714	3869
3714	3833
3714	3829
3714	3823
3714	3822
3714	3803
3714	3794
3714	3793
3713	3921
3713	3907
3713	3867
3713	3862
3713	3835
3713	3802
3713	3753
3713	3740
3713	3735
3713	3728
3713	3722
3713	3715
3712	3938
3712	3838
3712	3734
3711	3969
3711	3951
3711	3924
3711	3903
3711	3896
3711	3881
3711	3870
3711	3826
3711	3810
3711	3794
3711	3792
3711	3784
3711	3758
3711	3719
3711	3718
3710	3921
3710	3907
3710	3867
3710	3862
3710	3835
3710	3769
3710	3753
3710	3740
3710	3735
3710	3728
3710	3722
3710	3715
3710	3713
3708	3975
3708	3957
3708	3918
3708	3837
3708	3836
3708	3774
3708	3759
3708	3757
3707	3930
3707	3913
3707	3891
3707	3838
3707	3828
3707	3785
3707	3756
3707	3737
3707	3731
3707	3730
3706	3924
3706	3906
3706	3900
3706	3870
3706	3869
3706	3833
3706	3822
3706	3803
3706	3794
3706	3793
3706	3714
3705	3924
3705	3921
3705	3907
3705	3906
3705	3869
3705	3867
3705	3835
3705	3826
3705	3822
3705	3818
3705	3802
3705	3794
3705	3793
3705	3763
3705	3759
3705	3740
3705	3722
3705	3714
3705	3713
3705	3706
3704	3891
3703	3971
3703	3968
3703	3938
3703	3926
3703	3902
3703	3842
3703	3831
3703	3830
3703	3755
3702	3966
3702	3948
3702	3938
3702	3902
3702	3891
3702	3877
3702	3845
3702	3838
3702	3832
3702	3830
3702	3824
3702	3804
3702	3800
3702	3790
3702	3737
3702	3731
3702	3721
3701	3975
3701	3965
3701	3957
3701	3910
3701	3837
3701	3836
3701	3774
3701	3759
3701	3757
3700	3911
3700	3864
3700	3830
3700	3813
3698	3850
3698	3840
3698	3747
3698	3728
3697	3971
3697	3938
3697	3884
3697	3858
3697	3842
3697	3831
3697	3830
3697	3824
3697	3797
3697	3756
3696	3967
3696	3960
3696	3933
3696	3920
3696	3791
3696	3783
3696	3776
3696	3747
3695	3919
3695	3898
3695	3883
3695	3830
3694	3867
3694	3816
3693	3971
3693	3970
3693	3948
3693	3938
3693	3851
3693	3845
3693	3841
3693	3838
3693	3756
3693	3734
3692	3968
3692	3962
3692	3948
3692	3938
3692	3886
3692	3877
3692	3873
3692	3851
3692	3841
3692	3830
3692	3797
3692	3756
3692	3734
3692	3721
3692	3712
3692	3693
3691	3830
3690	3955
3690	3946
3690	3927
3690	3895
3690	3878
3690	3870
3690	3869
3690	3866
3690	3821
3690	3803
3690	3782
3690	3781
3690	3768
3690	3758
3689	3721
3687	3966
3687	3938
3687	3926
3687	3884
3687	3860
3687	3858
3687	3838
3687	3830
3687	3824
3687	3804
3687	3800
3687	3790
3687	3762
3687	3737
3687	3731
3687	3730
3687	3702
3685	3850
3685	3840
3685	3698
3684	3971
3684	3968
3684	3966
3684	3962
3684	3948
3684	3938
3684	3926
3684	3902
3684	3886
3684	3877
3684	3873
3684	3872
3684	3852
3684	3851
3684	3842
3684	3841
3684	3831
3684	3830
3684	3828
3684	3817
3684	3797
3684	3780
3684	3756
3684	3750
3684	3741
3684	3736
3684	3734
3684	3721
3684	3702
3684	3697
3684	3693
3684	3692
3683	3968
3683	3948
3683	3944
3683	3886
3683	3877
3683	3842
3683	3830
3683	3790
3683	3756
3683	3692
3682	3949
3682	3814
3682	3812
3681	3804
3681	3790
3681	3707
3680	3969
3680	3958
3680	3955
3680	3951
3680	3931
3680	3924
3680	3909
3680	3900
3680	3895
3680	3882
3680	3878
3680	3870
3680	3869
3680	3843
3680	3833
3680	3830
3680	3826
3680	3822
3680	3803
3680	3794
3680	3718
3680	3714
3680	3711
3680	3706
3680	3690
3679	3963
3679	3939
3679	3905
3679	3894
3679	3863
3679	3806
3678	3791
3677	3968
3677	3962
3677	3948
3677	3943
3677	3938
3677	3930
3677	3888
3677	3851
3677	3847
3677	3841
3677	3839
3677	3828
3677	3800
3677	3797
3677	3788
3677	3756
3677	3734
3677	3712
3677	3697
3677	3693
3677	3692
3677	3684
3676	3825
3675	3957
3675	3899
3675	3837
3675	3836
3675	3774
3675	3759
3675	3757
3675	3708
3674	3979
3674	3962
3674	3948
3674	3938
3674	3888
3674	3886
3674	3851
3674	3847
3674	3841
3674	3830
3674	3788
3674	3760
3674	3756
3674	3750
3674	3734
3674	3693
3674	3692
3674	3677
3672	3966
3672	3962
3672	3940
3672	3938
3672	3930
3672	3928
3672	3926
3672	3902
3672	3891
3672	3877
3672	3872
3672	3852
3672	3851
3672	3845
3672	3838
3672	3804
3672	3797
3672	3785
3672	3737
3672	3707
3672	3702
3672	3684
3671	3958
3671	3882
3671	3821
3671	3793
3671	3770
3671	3768
3670	3948
3670	3938
3670	3880
3670	3858
3670	3830
3670	3824
3670	3804
3670	3790
3670	3731
3670	3702
3670	3687
3670	3686
3669	3911
3669	3864
3669	3830
3669	3813
3669	3700
3668	3956
3668	3945
3668	3829
3668	3761
3668	3738
3667	3968
3667	3962
3667	3948
3667	3902
3667	3886
3667	3873
3667	3852
3667	3842
3667	3736
3667	3734
3667	3692
3667	3684
3667	3683
3666	3921
3666	3728
3666	3710
3665	3931
3665	3825
3665	3676
3664	3960
3664	3933
3664	3918
3664	3901
3664	3776
3664	3696
3663	3977
3663	3921
3663	3862
3663	3740
3663	3735
3663	3728
3663	3713
3663	3710
3662	3905
3662	3863
3662	3814
3662	3812
3662	3745
3662	3682
3661	3948
3661	3908
3661	3897
3661	3737
3660	3870
3660	3847
3660	3780
3660	3775
3659	3979
3659	3950
3659	3930
3659	3888
3659	3779
3659	3772
3658	3966
3658	3891
3658	3828
3658	3800
3658	3785
3658	3756
3658	3731
3657	3892
3657	3868
3657	3857
3657	3819
3657	3743
3657	3739
3657	3725
3656	3968
3656	3948
3656	3929
3656	3886
3656	3842
3656	3841
3656	3830
3656	3756
3656	3750
3656	3734
3656	3692
3656	3684
3656	3683
3656	3677
3656	3667
3655	3967
3655	3964
3655	3960
3655	3933
3655	3920
3655	3791
3655	3783
3655	3776
3655	3747
3655	3696
3654	3938
3654	3930
3654	3830
3654	3824
3654	3804
3654	3755
3654	3703
3654	3697
3653	3918
3653	3789
3653	3720
3652	3825
3652	3676
3652	3665
3651	3948
3651	3938
3651	3929
3651	3886
3651	3884
3651	3877
3651	3873
3651	3858
3651	3851
3651	3841
3651	3830
3651	3828
3651	3824
3651	3756
3651	3750
3651	3734
3651	3683
3651	3677
3651	3674
3649	3919
3649	3898
3649	3883
3649	3830
3649	3695
3648	3924
3648	3903
3648	3816
3648	3810
3648	3792
3648	3763
3648	3758
3648	3719
3648	3711
3648	3706
3647	3932
3647	3918
3647	3799
3647	3716
3646	3969
3646	3951
3646	3924
3646	3810
3646	3763
3646	3758
3646	3719
3646	3711
3646	3648
3645	3941
3645	3866
3645	3843
3645	3786
3645	3782
3645	3764
3645	3680
3644	3850
3644	3840
3644	3747
3644	3698
3644	3685
3643	3976
3643	3951
3643	3924
3643	3909
3643	3903
3643	3896
3643	3895
3643	3870
3643	3855
3643	3833
3643	3826
3643	3810
3643	3794
3643	3719
3643	3718
3643	3711
3643	3680
3643	3648
3643	3646
3642	3938
3642	3930
3642	3860
3642	3838
3642	3828
3642	3779
3642	3737
3642	3731
3642	3730
3642	3659
3642	3658
3641	3967
3641	3960
3641	3933
3641	3920
3641	3907
3641	3696
3641	3655
3640	3938
3640	3926
3640	3884
3640	3860
3640	3858
3640	3838
3640	3832
3640	3828
3640	3824
3640	3804
3640	3800
3640	3790
3640	3785
3640	3762
3640	3737
3640	3734
3640	3731
3640	3730
3640	3707
3640	3702
3640	3687
3640	3670
3640	3642
3639	3898
3639	3883
3639	3830
3639	3695
3639	3649
3638	3952
3638	3932
3638	3918
3638	3848
3638	3844
3638	3799
3638	3716
3638	3647
3637	3756
3637	3659
3636	3921
3636	3907
3636	3867
3636	3862
3636	3835
3636	3815
3636	3802
3636	3769
3636	3753
3636	3740
3636	3735
3636	3728
3636	3722
3636	3713
3636	3710
3636	3705
3636	3666
3635	3948
3635	3938
3635	3930
3635	3926
3635	3838
3635	3832
3635	3830
3635	3804
3635	3800
3635	3790
3635	3731
3635	3730
3635	3702
3635	3686
3635	3670
3635	3640
3634	3972
3634	3956
3634	3945
3634	3937
3634	3915
3634	3829
3634	3761
3634	3752
3634	3738
3633	3971
3633	3968
3633	3962
3633	3948
3633	3943
3633	3938
3633	3928
3633	3889
3633	3884
3633	3877
3633	3873
3633	3860
3633	3851
3633	3842
3633	3841
3633	3830
3633	3828
3633	3824
3633	3804
3633	3800
3633	3797
3633	3796
3633	3788
3633	3760
3633	3756
3633	3750
3633	3741
3633	3734
3633	3721
3633	3693
3633	3692
3633	3687
3633	3684
3633	3677
3633	3674
3633	3667
3633	3656
3633	3654
3633	3651
3632	3918
3632	3791
3632	3787
3632	3720
3631	3903
3631	3833
3631	3792
3631	3786
3631	3711
3631	3648
3630	3945
3630	3829
3630	3738
3630	3634
3629	3977
3629	3921
3629	3907
3629	3876
3629	3867
3629	3862
3629	3850
3629	3840
3629	3835
3629	3815
3629	3778
3629	3769
3629	3753
3629	3740
3629	3735
3629	3728
3629	3722
3629	3713
3629	3710
3629	3705
3629	3698
3629	3666
3629	3636
3628	3962
3628	3917
3628	3912
3628	3892
3628	3874
3628	3871
3628	3868
3628	3857
3628	3819
3628	3760
3628	3743
3628	3739
3628	3725
3628	3657
3627	3824
3627	3804
3627	3790
3627	3730
3627	3707
3627	3702
3627	3681
3627	3640
3627	3635
3626	3979
3626	3916
3626	3847
3626	3839
3625	3978
3625	3968
3625	3962
3625	3948
3625	3938
3625	3886
3625	3873
3625	3851
3625	3842
3625	3841
3625	3830
3625	3797
3625	3756
3625	3734
3625	3721
3625	3692
3625	3684
3625	3677
3625	3674
3625	3672
3625	3667
3625	3656
3625	3633
3624	3949
3624	3905
3624	3863
3624	3814
3624	3806
3624	3679
3624	3662
3623	3947
3623	3906
3623	3866
3623	3818
3623	3810
3623	3793
3623	3786
3623	3782
3623	3768
3623	3758
3623	3645
3622	3931
3622	3927
3622	3878
3622	3821
3622	3803
3622	3719
3622	3690
3621	3902
3621	3861
3621	3797
3621	3721
3621	3689
3621	3684
3620	3969
3620	3906
3620	3900
3620	3870
3620	3810
3620	3792
3620	3764
3620	3718
3620	3714
3620	3711
3620	3648
3620	3646
3619	3970
3619	3880
3619	3760
3618	3971
3618	3968
3618	3873
3618	3851
3618	3842
3618	3797
3618	3750
3618	3734
3618	3692
3618	3684
3618	3633
3618	3625
3617	3931
3617	3927
3617	3895
3617	3878
3617	3869
3617	3834
3617	3830
3617	3825
3617	3823
3617	3821
3617	3803
3617	3793
3617	3777
3617	3758
3617	3754
3617	3738
3617	3724
3617	3719
3617	3690
3617	3680
3617	3645
3617	3622
3616	3932
3616	3918
3616	3848
3616	3844
3616	3799
3616	3716
3616	3699
3616	3647
3616	3638
3615	3921
3615	3907
3615	3867
3615	3835
3615	3815
3615	3776
3615	3740
3615	3705
3615	3664
3615	3636
3615	3629
3614	3945
3614	3900
3614	3825
3614	3758
3614	3652
3613	3919
3613	3898
3613	3883
3613	3830
3613	3695
3613	3649
3613	3639
3612	3945
3612	3941
3612	3937
3612	3895
3612	3893
3612	3869
3612	3837
3612	3836
3612	3825
3612	3810
3612	3764
3612	3759
3612	3758
3612	3673
3611	3971
3611	3966
3611	3938
3611	3930
3611	3926
3611	3913
3611	3902
3611	3891
3611	3877
3611	3860
3611	3858
3611	3852
3611	3851
3611	3845
3611	3842
3611	3838
3611	3830
3611	3824
3611	3817
3611	3804
3611	3800
3611	3790
3611	3785
3611	3762
3611	3737
3611	3734
3611	3731
3611	3672
3611	3640
3611	3635
3611	3633
3610	3979
3610	3953
3610	3950
3610	3927
3610	3888
3610	3847
3610	3779
3610	3772
3610	3764
3610	3732
3610	3674
3610	3660
3610	3659
3609	3968
3609	3962
3609	3948
3609	3943
3609	3938
3609	3886
3609	3877
3609	3851
3609	3830
3609	3797
3609	3779
3609	3756
3609	3750
3609	3741
3609	3721
3609	3692
3609	3633
3609	3618
3608	3921
3608	3907
3608	3867
3608	3862
3608	3740
3608	3735
3608	3728
3608	3722
3608	3713
3608	3710
3608	3705
3608	3694
3608	3615
3607	3933
3607	3747
3607	3698
3607	3644
3606	3745
3606	3727
3606	3662
3605	3948
3605	3938
3605	3926
3605	3880
3605	3877
3605	3860
3605	3838
3605	3830
3605	3828
3605	3824
3605	3804
3605	3800
3605	3790
3605	3785
3605	3756
3605	3737
3605	3731
3605	3730
3605	3707
3605	3702
3605	3687
3605	3672
3605	3670
3605	3640
3605	3635
3605	3611
3604	3966
3604	3962
3604	3948
3604	3943
3604	3938
3604	3926
3604	3915
3604	3914
3604	3913
3604	3902
3604	3889
3604	3869
3604	3861
3604	3860
3604	3858
3604	3852
3604	3851
3604	3845
3604	3841
3604	3838
3604	3830
3604	3828
3604	3804
3604	3800
3604	3790
3604	3788
3604	3770
3604	3756
3604	3737
3604	3734
3604	3731
3604	3730
3604	3721
3604	3687
3604	3677
3604	3674
3604	3672
3604	3658
3604	3645
3604	3640
3604	3635
3604	3633
3604	3627
3604	3617
3604	3611
3604	3605
3603	3838
3603	3828
3603	3790
3603	3756
3603	3672
3603	3640
3602	3972
3602	3945
3602	3869
3602	3829
3602	3770
3602	3761
3602	3738
3602	3634
3602	3630
3601	3906
3601	3881
3601	3866
3601	3825
3601	3823
3601	3818
3601	3786
3601	3782
3601	3768
3601	3645
3601	3623
3601	3604
3600	3861
3600	3825
3600	3612
3599	3921
3599	3907
3599	3867
3599	3862
3599	3850
3599	3835
3599	3815
3599	3802
3599	3773
3599	3769
3599	3753
3599	3740
3599	3735
3599	3728
3599	3722
3599	3715
3599	3713
3599	3710
3599	3705
3599	3666
3599	3663
3599	3636
3599	3629
3599	3615
3599	3608
3598	3936
3598	3850
3598	3698
3598	3685
3596	3971
3596	3966
3596	3962
3596	3948
3596	3943
3596	3938
3596	3930
3596	3926
3596	3913
3596	3902
3596	3889
3596	3884
3596	3880
3596	3877
3596	3860
3596	3858
3596	3851
3596	3841
3596	3838
3596	3832
3596	3830
3596	3828
3596	3824
3596	3804
3596	3800
3596	3797
3596	3790
3596	3788
3596	3785
3596	3780
3596	3779
3596	3762
3596	3756
3596	3750
3596	3737
3596	3734
3596	3731
3596	3730
3596	3721
3596	3702
3596	3693
3596	3692
3596	3687
3596	3686
3596	3684
3596	3681
3596	3677
3596	3674
3596	3672
3596	3670
3596	3658
3596	3642
3596	3640
3596	3635
3596	3633
3596	3627
3596	3611
3596	3605
3596	3604
3596	3603
3595	3917
3595	3912
3595	3868
3595	3857
3595	3743
3595	3739
3595	3725
3595	3657
3595	3628
3594	3898
3594	3883
3594	3830
3594	3695
3594	3649
3594	3613
3593	3951
3593	3947
3593	3931
3593	3924
3593	3906
3593	3869
3593	3855
3593	3833
3593	3829
3593	3818
3593	3810
3593	3794
3593	3793
3593	3786
3593	3782
3593	3768
3593	3764
3593	3758
3593	3738
3593	3719
3593	3718
3593	3714
3593	3711
3593	3706
3593	3680
3593	3648
3593	3646
3593	3634
3593	3631
3593	3623
3593	3601
3592	3979
3592	3916
3592	3891
3592	3888
3592	3847
3592	3677
3592	3626
3591	3951
3591	3924
3591	3900
3591	3855
3591	3833
3591	3826
3591	3822
3591	3794
3591	3793
3591	3714
3591	3706
3591	3680
3591	3593
3590	3944
3590	3921
3590	3907
3590	3867
3590	3862
3590	3835
3590	3815
3590	3756
3590	3740
3590	3728
3590	3722
3590	3715
3590	3713
3590	3710
3590	3705
3590	3666
3590	3663
3590	3636
3590	3629
3590	3615
3590	3608
3590	3599
3589	3592
3588	3862
3588	3827
3587	3967
3587	3964
3587	3960
3587	3933
3587	3920
3587	3809
3587	3791
3587	3783
3587	3776
3587	3766
3587	3747
3587	3696
3587	3655
3587	3641
3586	3971
3586	3948
3586	3938
3586	3930
3586	3889
3586	3851
3586	3841
3586	3839
3586	3830
3586	3800
3586	3797
3586	3796
3586	3788
3586	3765
3586	3760
3586	3756
3586	3734
3586	3712
3586	3697
3586	3693
3586	3692
3586	3684
3586	3677
3586	3674
3586	3651
3586	3633
3586	3604
3586	3596
3585	3949
3585	3863
3585	3679
3584	3976
3584	3973
3584	3969
3584	3951
3584	3947
3584	3927
3584	3924
3584	3906
3584	3904
3584	3903
3584	3900
3584	3896
3584	3893
3584	3870
3584	3866
3584	3833
3584	3826
3584	3821
3584	3818
3584	3810
3584	3794
3584	3793
3584	3792
3584	3784
3584	3782
3584	3768
3584	3764
3584	3763
3584	3758
3584	3719
3584	3718
3584	3711
3584	3690
3584	3646
3584	3643
3584	3631
3584	3620
3584	3617
3584	3593
3583	3931
3583	3869
3583	3825
3583	3758
3583	3600
3582	3752
3581	3898
3581	3883
3581	3695
3581	3649
3581	3613
3581	3594
3580	3905
3580	3894
3580	3679
3580	3585
3579	3975
3579	3957
3579	3918
3579	3837
3579	3836
3579	3774
3579	3759
3579	3757
3579	3708
3579	3701
3579	3675
3578	3938
3578	3877
3578	3860
3578	3858
3578	3838
3578	3830
3578	3828
3578	3824
3578	3804
3578	3790
3578	3737
3578	3731
3578	3730
3578	3683
3578	3670
3578	3640
3578	3633
3578	3611
3578	3604
3578	3596
3577	3968
3577	3962
3577	3948
3577	3944
3577	3943
3577	3938
3577	3929
3577	3889
3577	3886
3577	3877
3577	3873
3577	3851
3577	3842
3577	3841
3577	3830
3577	3828
3577	3800
3577	3797
3577	3780
3577	3756
3577	3741
3577	3734
3577	3721
3577	3693
3577	3692
3577	3684
3577	3677
3577	3674
3577	3656
3577	3651
3577	3642
3577	3633
3577	3625
3577	3618
3577	3611
3577	3609
3577	3604
3577	3596
3577	3586
3576	3966
3576	3938
3576	3930
3576	3926
3576	3902
3576	3891
3576	3877
3576	3860
3576	3858
3576	3838
3576	3830
3576	3828
3576	3824
3576	3800
3576	3790
3576	3785
3576	3756
3576	3731
3576	3707
3576	3702
3576	3670
3576	3658
3576	3642
3576	3640
3576	3611
3576	3605
3576	3604
3576	3596
3576	3577
3575	3872
3575	3672
3574	3891
3574	3877
3574	3830
3574	3828
3574	3762
3574	3731
3574	3642
3574	3640
3574	3635
3574	3611
3574	3605
3574	3596
3574	3576
3573	3966
3573	3930
3573	3902
3573	3891
3573	3877
3573	3852
3573	3838
3573	3797
3573	3702
3573	3672
3573	3625
3573	3611
3573	3576
3572	3869
3572	3822
3572	3794
3572	3714
3572	3706
3572	3705
3571	3975
3571	3965
3571	3957
3571	3918
3571	3899
3571	3837
3571	3836
3571	3774
3571	3759
3571	3757
3571	3708
3571	3701
3571	3675
3571	3579
3569	3969
3569	3951
3569	3947
3569	3924
3569	3909
3569	3906
3569	3900
3569	3869
3569	3833
3569	3826
3569	3822
3569	3803
3569	3794
3569	3793
3569	3714
3569	3706
3569	3705
3569	3680
3569	3593
3569	3591
3568	3973
3568	3947
3568	3931
3568	3915
3568	3914
3568	3906
3568	3866
3568	3843
3568	3834
3568	3825
3568	3818
3568	3810
3568	3793
3568	3786
3568	3782
3568	3768
3568	3764
3568	3758
3568	3680
3568	3645
3568	3623
3568	3617
3568	3614
3568	3601
3568	3593
3567	3917
3567	3912
3567	3874
3567	3868
3567	3857
3567	3743
3567	3739
3567	3725
3567	3657
3567	3628
3567	3595
3566	3961
3566	3780
3566	3723
3566	3662
3565	3756
3565	3637
3564	3927
3564	3878
3564	3825
3564	3821
3564	3803
3564	3719
3564	3690
3564	3680
3564	3678
3564	3622
3564	3617
3564	3568
3563	3968
3563	3962
3563	3948
3563	3886
3563	3873
3563	3852
3563	3830
3563	3741
3563	3684
3563	3683
3563	3667
3563	3656
3562	3919
3562	3898
3562	3883
3562	3830
3562	3695
3562	3649
3562	3639
3562	3613
3562	3594
3562	3581
3561	3964
3561	3945
3561	3942
3561	3927
3561	3825
3561	3803
3561	3752
3561	3738
3561	3612
3561	3604
3560	3830
3560	3691
3559	3944
3559	3934
3559	3930
3559	3926
3559	3902
3559	3891
3559	3884
3559	3877
3559	3838
3559	3831
3559	3804
3559	3762
3559	3731
3559	3681
3559	3627
3559	3604
3559	3576
3559	3573
3558	3969
3558	3958
3558	3951
3558	3947
3558	3945
3558	3924
3558	3909
3558	3906
3558	3903
3558	3881
3558	3870
3558	3869
3558	3866
3558	3855
3558	3829
3558	3826
3558	3810
3558	3794
3558	3793
3558	3792
3558	3786
3558	3782
3558	3768
3558	3758
3558	3738
3558	3719
3558	3711
3558	3648
3558	3646
3558	3643
3558	3620
3558	3593
3558	3584
3558	3568
3557	3938
3557	3860
3557	3858
3557	3838
3557	3828
3557	3824
3557	3804
3557	3800
3557	3790
3557	3737
3557	3731
3557	3730
3557	3702
3557	3687
3557	3670
3557	3642
3557	3640
3557	3635
3557	3627
3557	3611
3557	3604
3557	3596
3557	3574
3556	3971
3556	3851
3556	3817
3556	3693
3556	3688
3556	3684
3556	3625
3556	3611
3555	3956
3555	3829
3555	3810
3555	3803
3555	3777
3555	3767
3555	3758
3555	3754
3555	3617
3555	3604
3555	3600
3555	3593
3555	3591
3555	3584
3554	3972
3554	3956
3554	3945
3554	3915
3554	3829
3554	3794
3554	3761
3554	3752
3554	3726
3554	3680
3554	3634
3554	3561
3553	3936
3553	3921
3553	3867
3553	3840
3553	3835
3553	3827
3553	3802
3553	3778
3553	3773
3553	3769
3553	3753
3553	3728
3553	3722
3553	3710
3553	3705
3553	3698
3553	3685
3553	3663
3553	3644
3553	3629
3553	3599
3553	3598
3553	3563
3552	3886
3552	3830
3552	3672
3552	3625
3552	3573
3551	3961
3551	3925
3551	3723
3550	3971
3550	3968
3550	3950
3550	3872
3550	3797
3550	3684
3550	3672
3550	3667
3550	3633
3550	3625
3550	3573
3550	3552
3549	3905
3549	3863
3549	3814
3549	3812
3549	3682
3549	3662
3549	3624
3549	3585
3549	3566
3548	3948
3548	3908
3548	3897
3548	3737
3548	3661
3547	3950
3547	3779
3547	3775
3547	3750
3547	3747
3547	3693
3547	3684
3547	3677
3547	3628
3547	3548
3546	3963
3546	3949
3546	3939
3546	3894
3546	3863
3546	3811
3546	3679
3546	3662
3546	3624
3546	3580
3546	3549
3545	3971
3545	3968
3545	3966
3545	3962
3545	3943
3545	3938
3545	3930
3545	3926
3545	3913
3545	3902
3545	3891
3545	3889
3545	3884
3545	3860
3545	3858
3545	3852
3545	3851
3545	3845
3545	3842
3545	3841
3545	3838
3545	3831
3545	3830
3545	3828
3545	3824
3545	3804
3545	3800
3545	3790
3545	3788
3545	3785
3545	3756
3545	3755
3545	3737
3545	3734
3545	3731
3545	3730
3545	3722
3545	3703
3545	3702
3545	3697
3545	3687
3545	3684
3545	3681
3545	3677
3545	3674
3545	3672
3545	3654
3545	3651
3545	3642
3545	3640
3545	3633
3545	3627
3545	3611
3545	3605
3545	3604
3545	3596
3545	3586
3545	3578
3545	3577
3545	3576
3545	3559
3545	3557
3544	3888
3544	3808
3544	3775
3544	3674
3543	3940
3543	3859
3543	3605
3543	3576
3542	3966
3542	3940
3542	3930
3542	3926
3542	3902
3542	3852
3542	3838
3542	3824
3542	3817
3542	3804
3542	3800
3542	3790
3542	3730
3542	3707
3542	3702
3542	3687
3542	3672
3542	3658
3542	3635
3542	3628
3542	3611
3542	3604
3542	3596
3542	3559
3542	3545
3542	3543
3541	3912
3541	3892
3541	3874
3541	3868
3541	3743
3541	3725
3541	3657
3541	3628
3541	3595
3540	3971
3540	3968
3540	3966
3540	3962
3540	3886
3540	3851
3540	3842
3540	3841
3540	3830
3540	3797
3540	3780
3540	3760
3540	3750
3540	3734
3540	3693
3540	3692
3540	3684
3540	3677
3540	3674
3540	3667
3540	3656
3540	3618
3540	3596
3540	3563
3540	3556
3539	3904
3539	3895
3539	3890
3539	3823
3539	3724
3539	3690
3539	3678
3539	3584
3539	3583
3538	3917
3538	3912
3538	3892
3538	3874
3538	3871
3538	3868
3538	3857
3538	3819
3538	3743
3538	3739
3538	3725
3538	3657
3538	3628
3538	3595
3538	3567
3538	3541
3537	3901
3537	3887
3537	3664
3536	3922
3536	3812
3536	3727
3536	3682
3536	3679
3536	3662
3536	3624
3536	3606
3536	3549
3535	3927
3535	3881
3535	3866
3535	3825
3535	3823
3535	3821
3535	3782
3535	3758
3535	3694
3535	3645
3535	3623
3535	3601
3535	3584
3534	3937
3534	3906
3534	3881
3534	3829
3534	3825
3534	3810
3534	3793
3534	3770
3534	3761
3534	3758
3534	3705
3534	3617
3534	3614
3534	3612
3534	3593
3534	3568
3534	3564
3534	3535
3533	3948
3533	3929
3533	3877
3533	3830
3533	3795
3533	3760
3533	3734
3533	3674
3533	3633
3532	3956
3532	3931
3532	3927
3532	3829
3532	3803
3532	3777
3532	3767
3532	3622
3532	3617
3532	3610
3532	3564
3532	3535
3531	3949
3531	3863
3531	3771
3531	3662
3531	3549
3531	3546
3530	3925
3530	3723
3530	3673
3530	3551
3529	3972
3529	3956
3529	3947
3529	3945
3529	3937
3529	3915
3529	3909
3529	3906
3529	3900
3529	3869
3529	3829
3529	3793
3529	3777
3529	3761
3529	3758
3529	3752
3529	3738
3529	3726
3529	3668
3529	3634
3529	3630
3529	3614
3529	3602
3529	3601
3529	3568
3529	3554
3528	3938
3528	3930
3528	3926
3528	3860
3528	3858
3528	3838
3528	3832
3528	3824
3528	3804
3528	3800
3528	3790
3528	3737
3528	3730
3528	3707
3528	3702
3528	3687
3528	3681
3528	3640
3528	3627
3528	3611
3528	3605
3528	3604
3528	3596
3528	3576
3528	3559
3528	3557
3528	3545
3528	3542
3527	3966
3527	3938
3527	3930
3527	3926
3527	3902
3527	3851
3527	3838
3527	3804
3527	3800
3527	3785
3527	3707
3527	3702
3527	3672
3527	3611
3527	3604
3527	3557
3527	3545
3527	3542
3527	3528
3526	3865
3526	3862
3526	3850
3526	3840
3526	3831
3526	3773
3526	3769
3526	3753
3526	3722
3526	3713
3526	3698
3526	3685
3526	3684
3526	3629
3526	3599
3526	3590
3526	3573
3526	3563
3526	3559
3526	3553
3526	3543
3525	3970
3525	3968
3525	3962
3525	3950
3525	3948
3525	3889
3525	3886
3525	3873
3525	3851
3525	3842
3525	3841
3525	3780
3525	3756
3525	3737
3525	3734
3525	3721
3525	3692
3525	3683
3525	3677
3525	3674
3525	3656
3525	3651
3525	3625
3525	3596
3525	3577
3525	3573
3525	3563
3525	3551
3525	3550
3525	3540
3524	3906
3524	3866
3524	3786
3524	3782
3524	3770
3524	3768
3524	3645
3524	3623
3524	3602
3524	3601
3524	3584
3524	3568
3524	3535
3523	3919
3523	3898
3523	3883
3523	3830
3523	3695
3523	3649
3523	3639
3523	3613
3523	3594
3523	3581
3523	3562
3522	3979
3522	3950
3522	3930
3522	3872
3522	3779
3522	3677
3522	3592
3521	3962
3521	3948
3521	3936
3521	3921
3521	3907
3521	3876
3521	3867
3521	3850
3521	3842
3521	3840
3521	3835
3521	3831
3521	3827
3521	3815
3521	3802
3521	3797
3521	3778
3521	3773
3521	3769
3521	3753
3521	3740
3521	3735
3521	3728
3521	3722
3521	3713
3521	3710
3521	3705
3521	3698
3521	3685
3521	3684
3521	3672
3521	3666
3521	3629
3521	3625
3521	3618
3521	3615
3521	3608
3521	3598
3521	3597
3521	3592
3521	3590
3521	3573
3521	3556
3521	3553
3521	3550
3521	3526
3520	3971
3520	3684
3520	3672
3520	3667
3520	3625
3520	3550
3520	3526
3519	3975
3519	3957
3519	3918
3519	3837
3519	3836
3519	3774
3519	3759
3519	3757
3519	3708
3519	3705
3519	3701
3519	3675
3519	3579
3519	3571
3518	3938
3518	3902
3518	3860
3518	3858
3518	3838
3518	3832
3518	3830
3518	3824
3518	3804
3518	3800
3518	3790
3518	3737
3518	3730
3518	3707
3518	3702
3518	3687
3518	3670
3518	3640
3518	3635
3518	3611
3518	3605
3518	3604
3518	3596
3518	3578
3518	3557
3518	3545
3518	3542
3518	3528
3517	3948
3517	3877
3517	3851
3517	3830
3517	3760
3517	3756
3517	3677
3517	3633
3517	3586
3517	3577
3517	3533
3516	3919
3516	3898
3516	3883
3516	3830
3516	3695
3516	3649
3516	3639
3516	3613
3516	3581
3516	3562
3516	3523
3515	3958
3515	3855
3515	3829
3515	3706
3515	3593
3515	3566
3515	3555
3514	3966
3514	3938
3514	3926
3514	3913
3514	3884
3514	3860
3514	3858
3514	3838
3514	3832
3514	3830
3514	3828
3514	3824
3514	3804
3514	3800
3514	3790
3514	3760
3514	3737
3514	3730
3514	3707
3514	3687
3514	3674
3514	3672
3514	3670
3514	3640
3514	3635
3514	3633
3514	3627
3514	3611
3514	3605
3514	3604
3514	3596
3514	3578
3514	3557
3514	3545
3514	3542
3514	3528
3514	3518
3513	3952
3513	3932
3513	3799
3513	3616
3512	3929
3512	3873
3512	3830
3512	3800
3512	3760
3512	3737
3512	3604
3512	3577
3512	3533
3512	3525
3512	3517
3511	3909
3511	3904
3511	3900
3511	3896
3511	3866
3511	3821
3511	3794
3511	3770
3511	3763
3511	3738
3511	3724
3511	3719
3511	3706
3511	3671
3511	3648
3511	3566
3511	3555
3511	3530
3511	3515
3510	3945
3510	3931
3510	3915
3510	3881
3510	3869
3510	3829
3510	3821
3510	3761
3510	3752
3510	3738
3510	3668
3510	3634
3510	3630
3510	3602
3510	3554
3510	3529
3509	3951
3509	3947
3509	3924
3509	3909
3509	3906
3509	3900
3509	3896
3509	3869
3509	3855
3509	3833
3509	3826
3509	3803
3509	3794
3509	3793
3509	3718
3509	3714
3509	3706
3509	3593
3509	3569
3508	3933
3508	3850
3508	3840
3508	3809
3508	3791
3508	3776
3508	3747
3508	3728
3508	3722
3508	3698
3508	3685
3508	3644
3508	3632
3508	3615
3508	3607
3508	3598
3508	3553
3508	3521
3507	3927
3507	3823
3507	3754
3507	3690
3507	3555
3507	3554
3507	3511
3506	3969
3506	3958
3506	3951
3506	3924
3506	3903
3506	3896
3506	3895
3506	3869
3506	3855
3506	3833
3506	3829
3506	3826
3506	3822
3506	3810
3506	3794
3506	3786
3506	3784
3506	3758
3506	3754
3506	3718
3506	3714
3506	3711
3506	3706
3506	3690
3506	3680
3506	3648
3506	3646
3506	3643
3506	3631
3506	3623
3506	3620
3506	3593
3506	3591
3506	3584
3506	3569
3506	3568
3506	3558
3506	3555
3506	3534
3506	3515
3506	3511
3506	3509
3506	3507
3505	3936
3505	3850
3505	3840
3505	3827
3505	3773
3505	3753
3505	3747
3505	3722
3505	3698
3505	3685
3505	3644
3505	3629
3505	3607
3505	3598
3505	3553
3505	3526
3505	3521
3505	3512
3505	3508
3504	3839
3504	3723
3504	3677
3504	3626
3504	3551
3504	3530
3503	3959
3503	3930
3503	3838
3503	3804
3503	3800
3503	3785
3503	3779
3503	3731
3503	3672
3503	3640
3503	3596
3503	3576
3502	3911
3502	3898
3502	3864
3502	3830
3502	3813
3502	3700
3502	3669
3501	3971
3501	3968
3501	3962
3501	3948
3501	3943
3501	3938
3501	3889
3501	3884
3501	3877
3501	3873
3501	3851
3501	3842
3501	3841
3501	3830
3501	3824
3501	3800
3501	3797
3501	3796
3501	3760
3501	3756
3501	3741
3501	3734
3501	3721
3501	3692
3501	3684
3501	3677
3501	3674
3501	3651
3501	3633
3501	3625
3501	3609
3501	3604
3501	3596
3501	3586
3501	3577
3501	3545
3501	3533
3501	3525
3501	3517
3500	3967
3500	3964
3500	3960
3500	3933
3500	3920
3500	3809
3500	3791
3500	3783
3500	3776
3500	3766
3500	3747
3500	3696
3500	3664
3500	3655
3500	3641
3500	3615
3500	3587
3500	3508
3499	3947
3499	3881
3499	3843
3499	3834
3499	3829
3499	3825
3499	3821
3499	3793
3499	3764
3499	3758
3499	3719
3499	3690
3499	3680
3499	3671
3499	3617
3499	3564
3499	3535
3499	3534
3499	3532
3498	3921
3498	3907
3498	3867
3498	3862
3498	3835
3498	3740
3498	3728
3498	3722
3498	3715
3498	3713
3498	3705
3498	3636
3498	3629
3498	3615
3498	3599
3498	3521
3497	3966
3497	3940
3497	3926
3497	3902
3497	3852
3497	3838
3497	3824
3497	3804
3497	3790
3497	3707
3497	3672
3497	3658
3497	3611
3497	3604
3497	3596
3497	3576
3497	3545
3497	3543
3497	3542
3497	3528
3497	3527
3497	3518
3496	3861
3496	3831
3496	3817
3496	3775
3496	3750
3496	3722
3496	3684
3496	3677
3496	3672
3496	3629
3496	3551
3496	3550
3496	3547
3496	3521
3496	3520
3496	3505
3495	3978
3495	3971
3495	3968
3495	3962
3495	3948
3495	3944
3495	3943
3495	3938
3495	3934
3495	3930
3495	3929
3495	3908
3495	3884
3495	3880
3495	3877
3495	3873
3495	3872
3495	3860
3495	3851
3495	3842
3495	3831
3495	3830
3495	3824
3495	3797
3495	3796
3495	3756
3495	3750
3495	3734
3495	3721
3495	3697
3495	3692
3495	3687
3495	3684
3495	3667
3495	3651
3495	3633
3495	3625
3495	3621
3495	3618
3495	3609
3495	3596
3495	3586
3495	3577
3495	3548
3495	3545
3495	3525
3495	3501
3494	3705
3494	3690
3494	3583
3493	3969
3493	3951
3493	3924
3493	3903
3493	3900
3493	3810
3493	3792
3493	3719
3493	3711
3493	3680
3493	3648
3493	3646
3493	3593
3493	3584
3493	3558
3493	3506
3492	3930
3492	3841
3492	3756
3492	3697
3492	3684
3492	3556
3492	3521
3492	3496
3491	3971
3491	3968
3491	3966
3491	3962
3491	3938
3491	3851
3491	3845
3491	3842
3491	3838
3491	3797
3491	3788
3491	3712
3491	3693
3491	3684
3491	3611
3491	3586
3491	3545
3491	3540
3490	3905
3490	3894
3490	3863
3490	3814
3490	3771
3490	3682
3490	3662
3490	3624
3490	3585
3490	3580
3490	3549
3490	3546
3490	3531
3489	3825
3489	3676
3489	3665
3489	3652
3488	3966
3488	3938
3488	3930
3488	3926
3488	3913
3488	3902
3488	3891
3488	3884
3488	3877
3488	3860
3488	3858
3488	3845
3488	3838
3488	3830
3488	3824
3488	3804
3488	3800
3488	3790
3488	3737
3488	3731
3488	3730
3488	3707
3488	3702
3488	3687
3488	3672
3488	3658
3488	3640
3488	3627
3488	3611
3488	3605
3488	3604
3488	3596
3488	3576
3488	3573
3488	3559
3488	3557
3488	3545
3488	3542
3488	3528
3488	3527
3488	3518
3488	3514
3487	3961
3487	3925
3487	3723
3487	3566
3487	3551
3487	3530
3487	3504
3487	3496
3486	3976
3486	3969
3486	3951
3486	3924
3486	3909
3486	3906
3486	3900
3486	3870
3486	3869
3486	3855
3486	3833
3486	3826
3486	3822
3486	3803
3486	3794
3486	3793
3486	3714
3486	3711
3486	3706
3486	3705
3486	3680
3486	3593
3486	3591
3486	3572
3486	3569
3486	3509
3486	3506
3486	3493
3485	3966
3485	3930
3485	3845
3485	3838
3485	3817
3485	3804
3485	3790
3485	3681
3485	3627
3485	3611
3485	3559
3485	3528
3485	3518
3485	3514
3485	3488
3484	3971
3484	3968
3484	3940
3484	3873
3484	3842
3484	3831
3484	3817
3484	3684
3484	3633
3484	3568
3484	3521
3484	3501
3483	3937
3483	3895
3483	3878
3483	3821
3483	3793
3483	3782
3483	3754
3483	3724
3483	3690
3483	3617
3483	3524
3483	3499
3482	3901
3482	3850
3482	3832
3482	3698
3482	3685
3482	3644
3482	3598
3482	3553
3482	3521
3482	3508
3482	3505
3481	3919
3481	3898
3481	3883
3481	3830
3481	3695
3481	3649
3481	3639
3481	3613
3481	3594
3481	3581
3481	3562
3481	3516
3480	3971
3480	3968
3480	3938
3480	3841
3480	3830
3480	3799
3480	3756
3480	3734
3480	3693
3480	3692
3480	3684
3480	3677
3480	3674
3480	3667
3480	3651
3480	3633
3480	3625
3480	3604
3480	3586
3480	3545
3480	3540
3480	3491
3479	3919
3479	3898
3479	3883
3479	3830
3479	3695
3479	3649
3479	3639
3479	3613
3479	3594
3479	3581
3479	3562
3479	3523
3479	3516
3479	3481
3478	3967
3478	3964
3478	3960
3478	3933
3478	3920
3478	3809
3478	3791
3478	3783
3478	3776
3478	3766
3478	3747
3478	3696
3478	3655
3478	3607
3478	3587
3478	3500
3477	3847
3477	3756
3477	3651
3477	3637
3477	3565
3476	3975
3476	3957
3476	3837
3476	3836
3476	3809
3476	3774
3476	3759
3476	3757
3476	3708
3476	3701
3476	3675
3476	3579
3476	3519
3475	3971
3475	3966
3475	3948
3475	3940
3475	3938
3475	3930
3475	3926
3475	3902
3475	3877
3475	3873
3475	3852
3475	3851
3475	3845
3475	3842
3475	3838
3475	3828
3475	3702
3475	3684
3475	3672
3475	3642
3475	3611
3475	3586
3475	3545
3475	3543
3475	3526
3475	3501
3475	3488
3475	3485
3475	3484
3474	3967
3474	3956
3474	3945
3474	3915
3474	3829
3474	3823
3474	3764
3474	3761
3474	3738
3474	3634
3474	3630
3474	3604
3474	3602
3474	3554
3473	3917
3473	3912
3473	3892
3473	3874
3473	3871
3473	3868
3473	3857
3473	3819
3473	3743
3473	3739
3473	3725
3473	3628
3473	3595
3473	3567
3473	3541
3473	3538
3472	3850
3472	3840
3472	3698
3472	3685
3472	3644
3472	3629
3472	3598
3472	3553
3472	3526
3472	3521
3472	3508
3472	3505
3472	3482
3471	3971
3471	3966
3471	3940
3471	3938
3471	3930
3471	3902
3471	3877
3471	3873
3471	3852
3471	3851
3471	3845
3471	3838
3471	3702
3471	3684
3471	3672
3471	3611
3471	3545
3471	3543
3471	3540
3471	3526
3471	3485
3471	3484
3471	3475
3470	3876
3470	3796
3470	3778
3470	3773
3470	3769
3470	3767
3470	3753
3470	3710
3470	3629
3470	3599
3470	3553
3470	3521
3470	3520
3469	3972
3469	3956
3469	3945
3469	3927
3469	3915
3469	3881
3469	3829
3469	3825
3469	3764
3469	3761
3469	3752
3469	3738
3469	3726
3469	3668
3469	3634
3469	3630
3469	3604
3469	3561
3469	3554
3469	3529
3469	3510
3469	3474
3468	3956
3468	3945
3468	3927
3468	3900
3468	3881
3468	3878
3468	3866
3468	3826
3468	3823
3468	3810
3468	3782
3468	3777
3468	3764
3468	3758
3468	3718
3468	3680
3468	3645
3468	3623
3468	3622
3468	3601
3468	3584
3468	3568
3468	3535
3468	3534
3468	3532
3468	3529
3468	3524
3467	3830
3467	3533
3466	3972
3466	3956
3466	3945
3466	3937
3466	3915
3466	3881
3466	3829
3466	3821
3466	3784
3466	3761
3466	3738
3466	3726
3466	3680
3466	3668
3466	3652
3466	3634
3466	3602
3466	3583
3466	3554
3466	3529
3466	3510
3466	3469
3465	3975
3465	3957
3465	3918
3465	3837
3465	3836
3465	3774
3465	3759
3465	3757
3465	3708
3465	3701
3465	3675
3465	3579
3465	3571
3465	3519
3465	3476
3464	3956
3464	3945
3464	3915
3464	3895
3464	3829
3464	3823
3464	3777
3464	3764
3464	3761
3464	3738
3464	3726
3464	3724
3464	3680
3464	3668
3464	3634
3464	3630
3464	3617
3464	3612
3464	3604
3464	3602
3464	3601
3464	3583
3464	3554
3464	3529
3464	3510
3464	3474
3464	3469
3464	3466
3463	3951
3463	3947
3463	3931
3463	3924
3463	3909
3463	3906
3463	3869
3463	3861
3463	3826
3463	3822
3463	3794
3463	3793
3463	3714
3463	3706
3463	3705
3463	3680
3463	3593
3463	3591
3463	3569
3463	3558
3463	3555
3463	3506
3463	3486
3462	3966
3462	3934
3462	3930
3462	3926
3462	3891
3462	3877
3462	3838
3462	3824
3462	3800
3462	3762
3462	3756
3462	3672
3462	3611
3462	3604
3462	3596
3462	3576
3462	3559
3462	3488
3461	3968
3461	3934
3461	3930
3461	3831
3461	3559
3461	3495
3460	3972
3460	3956
3460	3945
3460	3937
3460	3931
3460	3915
3460	3900
3460	3881
3460	3829
3460	3786
3460	3782
3460	3768
3460	3761
3460	3752
3460	3726
3460	3634
3460	3630
3460	3602
3460	3601
3460	3568
3460	3529
3460	3515
3460	3474
3460	3469
3460	3466
3460	3464
3459	3945
3459	3825
3459	3812
3459	3793
3459	3782
3459	3770
3459	3763
3459	3758
3459	3645
3459	3614
3459	3564
3459	3534
3459	3529
3459	3469
3458	3969
3458	3951
3458	3903
3458	3900
3458	3822
3458	3810
3458	3793
3458	3792
3458	3719
3458	3718
3458	3711
3458	3648
3458	3643
3458	3593
3458	3584
3458	3569
3458	3506
3458	3493
3458	3468
3457	3944
3457	3938
3457	3831
3457	3830
3457	3703
3456	3971
3456	3968
3456	3962
3456	3948
3456	3943
3456	3938
3456	3884
3456	3873
3456	3858
3456	3851
3456	3842
3456	3841
3456	3831
3456	3830
3456	3824
3456	3804
3456	3800
3456	3797
3456	3762
3456	3756
3456	3750
3456	3734
3456	3703
3456	3697
3456	3693
3456	3692
3456	3687
3456	3677
3456	3674
3456	3654
3456	3651
3456	3633
3456	3618
3456	3609
3456	3604
3456	3596
3456	3586
3456	3577
3456	3557
3456	3545
3456	3514
3456	3501
3456	3495
3456	3461
3455	3921
3455	3907
3455	3886
3455	3876
3455	3867
3455	3862
3455	3850
3455	3835
3455	3827
3455	3815
3455	3802
3455	3778
3455	3773
3455	3769
3455	3753
3455	3740
3455	3735
3455	3728
3455	3722
3455	3715
3455	3713
3455	3710
3455	3685
3455	3663
3455	3636
3455	3629
3455	3608
3455	3599
3455	3590
3455	3588
3455	3553
3455	3526
3455	3521
3455	3505
3455	3498
3455	3470
3454	3880
3454	3861
3454	3779
3454	3775
3454	3693
3454	3677
3454	3673
3454	3642
3454	3621
3454	3605
3454	3586
3454	3547
3452	3966
3452	3902
3452	3891
3452	3877
3452	3838
3452	3824
3452	3658
3452	3611
3452	3603
3452	3596
3452	3576
3452	3573
3452	3545
3452	3488
3452	3462
3450	3930
3450	3913
3450	3860
3450	3838
3450	3804
3450	3790
3450	3737
3450	3731
3450	3730
3450	3672
3450	3642
3450	3605
3450	3604
3450	3596
3450	3545
3450	3528
3450	3497
3449	3971
3449	3962
3449	3948
3449	3943
3449	3938
3449	3889
3449	3877
3449	3873
3449	3851
3449	3841
3449	3838
3449	3830
3449	3805
3449	3800
3449	3797
3449	3796
3449	3788
3449	3756
3449	3737
3449	3734
3449	3721
3449	3693
3449	3692
3449	3684
3449	3677
3449	3674
3449	3651
3449	3633
3449	3625
3449	3618
3449	3609
3449	3604
3449	3596
3449	3586
3449	3577
3449	3545
3449	3517
3449	3501
3449	3495
3449	3491
3449	3480
3449	3456
3448	3966
3448	3948
3448	3944
3448	3943
3448	3938
3448	3930
3448	3889
3448	3860
3448	3851
3448	3845
3448	3841
3448	3838
3448	3830
3448	3828
3448	3804
3448	3800
3448	3797
3448	3779
3448	3756
3448	3737
3448	3734
3448	3697
3448	3693
3448	3684
3448	3677
3448	3642
3448	3640
3448	3633
3448	3611
3448	3609
3448	3604
3448	3596
3448	3586
3448	3577
3448	3545
3448	3540
3448	3527
3448	3501
3448	3495
3448	3491
3448	3485
3448	3475
3448	3471
3448	3456
3448	3449
3447	3894
3447	3682
3447	3679
3447	3624
3447	3580
3446	3863
3446	3814
3446	3662
3446	3624
3446	3585
3446	3580
3446	3549
3446	3546
3446	3531
3446	3490
3445	3868
3445	3819
3445	3743
3445	3725
3445	3628
3445	3538
3444	3904
3444	3861
3444	3849
3444	3742
3443	3972
3443	3956
3443	3937
3443	3915
3443	3909
3443	3906
3443	3859
3443	3829
3443	3752
3443	3738
3443	3645
3443	3634
3443	3630
3443	3593
3443	3582
3443	3554
3443	3529
3443	3469
3443	3466
3443	3464
3443	3460
3442	3977
3442	3941
3442	3936
3442	3921
3442	3918
3442	3907
3442	3876
3442	3867
3442	3865
3442	3850
3442	3835
3442	3802
3442	3791
3442	3778
3442	3773
3442	3753
3442	3740
3442	3735
3442	3728
3442	3722
3442	3715
3442	3713
3442	3710
3442	3705
3442	3698
3442	3685
3442	3678
3442	3663
3442	3644
3442	3636
3442	3629
3442	3615
3442	3608
3442	3599
3442	3597
3442	3590
3442	3553
3442	3526
3442	3521
3442	3508
3442	3505
3442	3472
3442	3470
3442	3455
3441	3949
3441	3662
3441	3546
3441	3538
3441	3536
3440	3971
3440	3968
3440	3938
3440	3886
3440	3877
3440	3851
3440	3842
3440	3805
3440	3797
3440	3780
3440	3755
3440	3734
3440	3703
3440	3697
3440	3684
3440	3633
3440	3600
3440	3596
3440	3576
3440	3545
3440	3540
3440	3525
3440	3501
3440	3495
3439	3932
3439	3799
3439	3716
3439	3699
3439	3647
3439	3638
3439	3616
3439	3513
3438	3971
3438	3938
3438	3877
3438	3851
3438	3842
3438	3784
3438	3760
3438	3734
3438	3693
3438	3677
3438	3633
3438	3586
3438	3545
3438	3540
3438	3533
3438	3522
3438	3517
3438	3501
3438	3491
3438	3480
3438	3456
3438	3449
3438	3448
3437	3979
3437	3978
3437	3977
3437	3976
3437	3975
3437	3974
3437	3973
3437	3972
3437	3971
3437	3970
3437	3969
3437	3968
3437	3967
3437	3966
3437	3965
3437	3964
3437	3963
3437	3962
3437	3961
3437	3960
3437	3959
3437	3958
3437	3957
3437	3956
3437	3955
3437	3954
3437	3953
3437	3952
3437	3951
3437	3950
3437	3949
3437	3948
3437	3947
3437	3946
3437	3945
3437	3944
3437	3943
3437	3942
3437	3941
3437	3940
3437	3939
3437	3938
3437	3937
3437	3936
3437	3935
3437	3934
3437	3933
3437	3932
3437	3931
3437	3930
3437	3929
3437	3928
3437	3927
3437	3926
3437	3925
3437	3924
3437	3923
3437	3922
3437	3921
3437	3920
3437	3919
3437	3918
3437	3917
3437	3916
3437	3915
3437	3914
3437	3913
3437	3912
3437	3911
3437	3910
3437	3909
3437	3908
3437	3907
3437	3906
3437	3905
3437	3904
3437	3903
3437	3902
3437	3901
3437	3900
3437	3899
3437	3898
3437	3897
3437	3896
3437	3895
3437	3894
3437	3893
3437	3892
3437	3891
3437	3890
3437	3889
3437	3888
3437	3887
3437	3886
3437	3885
3437	3884
3437	3883
3437	3882
3437	3881
3437	3880
3437	3879
3437	3878
3437	3877
3437	3876
3437	3875
3437	3874
3437	3873
3437	3872
3437	3871
3437	3870
3437	3869
3437	3868
3437	3867
3437	3866
3437	3865
3437	3864
3437	3863
3437	3862
3437	3861
3437	3860
3437	3859
3437	3858
3437	3857
3437	3856
3437	3855
3437	3854
3437	3853
3437	3852
3437	3851
3437	3850
3437	3849
3437	3848
3437	3847
3437	3846
3437	3845
3437	3844
3437	3843
3437	3842
3437	3841
3437	3840
3437	3839
3437	3838
3437	3837
3437	3836
3437	3835
3437	3834
3437	3833
3437	3832
3437	3831
3437	3830
3437	3829
3437	3828
3437	3827
3437	3826
3437	3825
3437	3824
3437	3823
3437	3822
3437	3821
3437	3820
3437	3819
3437	3818
3437	3817
3437	3816
3437	3815
3437	3814
3437	3813
3437	3812
3437	3811
3437	3810
3437	3809
3437	3808
3437	3807
3437	3806
3437	3805
3437	3804
3437	3803
3437	3802
3437	3801
3437	3800
3437	3799
3437	3798
3437	3797
3437	3796
3437	3795
3437	3794
3437	3793
3437	3792
3437	3791
3437	3790
3437	3789
3437	3788
3437	3787
3437	3786
3437	3785
3437	3784
3437	3783
3437	3782
3437	3781
3437	3780
3437	3779
3437	3778
3437	3777
3437	3776
3437	3775
3437	3774
3437	3773
3437	3772
3437	3771
3437	3770
3437	3769
3437	3768
3437	3767
3437	3766
3437	3765
3437	3764
3437	3763
3437	3762
3437	3761
3437	3760
3437	3759
3437	3758
3437	3757
3437	3756
3437	3755
3437	3754
3437	3753
3437	3752
3437	3751
3437	3750
3437	3749
3437	3748
3437	3747
3437	3746
3437	3745
3437	3744
3437	3743
3437	3742
3437	3741
3437	3740
3437	3739
3437	3738
3437	3737
3437	3736
3437	3735
3437	3734
3437	3733
3437	3732
3437	3731
3437	3730
3437	3729
3437	3728
3437	3727
3437	3726
3437	3725
3437	3724
3437	3723
3437	3722
3437	3721
3437	3720
3437	3719
3437	3718
3437	3717
3437	3716
3437	3715
3437	3714
3437	3713
3437	3712
3437	3711
3437	3710
3437	3709
3437	3708
3437	3707
3437	3706
3437	3705
3437	3704
3437	3703
3437	3702
3437	3701
3437	3700
3437	3699
3437	3698
3437	3697
3437	3696
3437	3695
3437	3694
3437	3693
3437	3692
3437	3691
3437	3690
3437	3689
3437	3688
3437	3687
3437	3686
3437	3685
3437	3684
3437	3683
3437	3682
3437	3681
3437	3680
3437	3679
3437	3678
3437	3677
3437	3676
3437	3675
3437	3674
3437	3673
3437	3672
3437	3671
3437	3670
3437	3669
3437	3668
3437	3667
3437	3666
3437	3665
3437	3664
3437	3663
3437	3662
3437	3661
3437	3660
3437	3659
3437	3658
3437	3657
3437	3656
3437	3655
3437	3654
3437	3653
3437	3652
3437	3651
3437	3650
3437	3649
3437	3648
3437	3647
3437	3646
3437	3645
3437	3644
3437	3643
3437	3642
3437	3641
3437	3640
3437	3639
3437	3638
3437	3637
3437	3636
3437	3635
3437	3634
3437	3633
3437	3632
3437	3631
3437	3630
3437	3629
3437	3628
3437	3627
3437	3626
3437	3625
3437	3624
3437	3623
3437	3622
3437	3621
3437	3620
3437	3619
3437	3618
3437	3617
3437	3616
3437	3615
3437	3614
3437	3613
3437	3612
3437	3611
3437	3610
3437	3609
3437	3608
3437	3607
3437	3606
3437	3605
3437	3604
3437	3603
3437	3602
3437	3601
3437	3600
3437	3599
3437	3598
3437	3597
3437	3596
3437	3595
3437	3594
3437	3593
3437	3592
3437	3591
3437	3590
3437	3589
3437	3588
3437	3587
3437	3586
3437	3585
3437	3584
3437	3583
3437	3582
3437	3581
3437	3580
3437	3579
3437	3578
3437	3577
3437	3576
3437	3575
3437	3574
3437	3573
3437	3572
3437	3571
3437	3570
3437	3569
3437	3568
3437	3567
3437	3566
3437	3565
3437	3564
3437	3563
3437	3562
3437	3561
3437	3560
3437	3559
3437	3558
3437	3557
3437	3556
3437	3555
3437	3554
3437	3553
3437	3552
3437	3551
3437	3550
3437	3549
3437	3548
3437	3547
3437	3546
3437	3545
3437	3544
3437	3543
3437	3542
3437	3541
3437	3540
3437	3539
3437	3538
3437	3537
3437	3536
3437	3535
3437	3534
3437	3533
3437	3532
3437	3531
3437	3530
3437	3529
3437	3528
3437	3527
3437	3526
3437	3525
3437	3524
3437	3523
3437	3522
3437	3521
3437	3520
3437	3519
3437	3518
3437	3517
3437	3516
3437	3515
3437	3514
3437	3513
3437	3512
3437	3511
3437	3510
3437	3509
3437	3508
3437	3507
3437	3506
3437	3505
3437	3504
3437	3503
3437	3502
3437	3501
3437	3500
3437	3499
3437	3498
3437	3497
3437	3496
3437	3495
3437	3494
3437	3493
3437	3492
3437	3491
3437	3490
3437	3489
3437	3488
3437	3487
3437	3486
3437	3485
3437	3484
3437	3483
3437	3482
3437	3481
3437	3480
3437	3479
3437	3478
3437	3477
3437	3476
3437	3475
3437	3474
3437	3473
3437	3472
3437	3471
3437	3470
3437	3469
3437	3468
3437	3467
3437	3466
3437	3465
3437	3464
3437	3463
3437	3462
3437	3461
3437	3460
3437	3459
3437	3458
3437	3457
3437	3456
3437	3455
3437	3454
3437	3453
3437	3452
3437	3451
3437	3450
3437	3449
3437	3448
3437	3447
3437	3446
3437	3445
3437	3444
3437	3443
3437	3442
3437	3441
3437	3440
3437	3439
3437	3438
3426	3430
3425	3427
3422	3434
3419	3434
3417	3435
3417	3433
3416	3434
3416	3419
3412	3420
3411	3434
3410	3420
3410	3412
3406	3434
3406	3422
3406	3421
3406	3409
3403	3422
3402	3427
3402	3425
3401	3427
3401	3425
3401	3402
3399	3433
3398	3405
3397	3434
3397	3419
3397	3416
3397	3406
3396	3434
3396	3422
3396	3411
3396	3403
3395	3415
3395	3406
3395	3403
3394	3426
3392	3430
3392	3428
3392	3426
3391	3434
3391	3416
3391	3406
3391	3397
3390	3394
3388	3394
3387	3435
3387	3426
3387	3417
3387	3399
3387	3390
3386	3434
3386	3406
3386	3403
3386	3397
3386	3396
3384	3435
3384	3417
3384	3387
3382	3423
3381	3434
3381	3419
3381	3416
3379	3412
3378	3419
3378	3397
3378	3396
3378	3381
3377	3422
3377	3396
3377	3378
3376	3427
3376	3425
3376	3402
3376	3401
3371	3420
3371	3412
3371	3410
3369	3395
3369	3385
3367	3396
3367	3377
3366	3415
3366	3412
3366	3403
3366	3379
3366	3370
3365	3429
3365	3397
3365	3395
3365	3393
3365	3385
3365	3369
3364	3435
3364	3433
3364	3417
3364	3384
3363	3433
3363	3430
3363	3426
3363	3417
3363	3414
3363	3399
3363	3394
3363	3387
3362	3435
3362	3433
3362	3426
3362	3417
3362	3390
3362	3387
3362	3384
3362	3364
3362	3363
3360	3434
3360	3431
3360	3415
3360	3406
3360	3397
3360	3386
3359	3412
3359	3366
3358	3385
3358	3369
3357	3360
3356	3412
3356	3366
3355	3434
3355	3406
3355	3397
3355	3396
3355	3391
3355	3386
3353	3434
3353	3422
3353	3403
3353	3397
3353	3386
3353	3385
3353	3360
3353	3355
3352	3360
3351	3434
3351	3431
3351	3419
3351	3416
3351	3397
3351	3391
3351	3381
3351	3360
3351	3357
3350	3411
3350	3396
3350	3386
3350	3381
3350	3360
3350	3355
3349	3360
3349	3353
3348	3435
3348	3426
3348	3387
3348	3384
3348	3363
3347	3434
3347	3416
3347	3406
3347	3403
3347	3397
3347	3396
3347	3381
3347	3378
3347	3366
3347	3351
3347	3350
3346	3421
3346	3415
3346	3379
3346	3366
3346	3361
3345	3434
3345	3406
3345	3403
3345	3397
3345	3391
3345	3386
3345	3360
3345	3355
3345	3352
3344	3434
3344	3416
3344	3406
3344	3397
3344	3393
3344	3391
3344	3386
3344	3355
3344	3351
3344	3345
3343	3411
3342	3421
3342	3419
3342	3416
3342	3406
3342	3403
3342	3391
3342	3355
3342	3353
3342	3345
3342	3344
3341	3369
3341	3359
3341	3342
3340	3365
3339	3426
3339	3417
3339	3400
3339	3387
3339	3363
3339	3362
3339	3348
3338	3427
3338	3425
3338	3402
3338	3401
3338	3376
3337	3369
3335	3434
3335	3419
3335	3411
3335	3397
3335	3385
3335	3360
3335	3357
3335	3351
3335	3350
3334	3366
3333	3394
3333	3388
3332	3434
3332	3411
3332	3403
3332	3396
3332	3378
3332	3355
3332	3353
3332	3350
3332	3347
3331	3405
3331	3395
3331	3373
3331	3366
3331	3358
3331	3353
3330	3434
3330	3422
3330	3419
3330	3411
3330	3404
3330	3397
3330	3396
3330	3391
3330	3381
3330	3369
3330	3358
3330	3355
3330	3351
3330	3347
3330	3345
3330	3344
3330	3337
3330	3335
3330	3332
3329	3431
3329	3409
3329	3349
3328	3369
3328	3343
3327	3424
3327	3421
3327	3389
3327	3383
3327	3369
3327	3366
3327	3347
3326	3395
3326	3393
3326	3342
3326	3327
3325	3423
3325	3383
3325	3382
3324	3426
3324	3417
3324	3414
3324	3390
3324	3388
3324	3363
3324	3362
3324	3339
3323	3397
3322	3336
3321	3434
3321	3422
3321	3421
3321	3406
3321	3397
3321	3391
3321	3386
3321	3380
3321	3365
3321	3360
3321	3355
3321	3351
3321	3345
3321	3344
3321	3342
3321	3327
3320	3434
3320	3422
3320	3406
3320	3403
3320	3397
3320	3396
3320	3386
3320	3381
3320	3378
3320	3377
3320	3367
3320	3360
3320	3355
3320	3353
3320	3350
3320	3347
3320	3345
3320	3344
3320	3332
3320	3321
3319	3411
3319	3393
3319	3350
3319	3344
3319	3321
3318	3423
3318	3382
3318	3325
3317	3394
3316	3419
3316	3416
3316	3397
3316	3391
3316	3344
3315	3362
3314	3423
3314	3382
3314	3325
3314	3318
3313	3342
3313	3327
3312	3393
3312	3365
3311	3382
3311	3325
3311	3318
3309	3423
3309	3382
3309	3325
3309	3318
3309	3314
3309	3311
3308	3405
3308	3398
3307	3406
3307	3374
3307	3341
3306	3422
3306	3353
3306	3351
3306	3331
3305	3374
3304	3404
3304	3324
3303	3426
3303	3324
3303	3315
3302	3403
3302	3373
3302	3356
3302	3351
3302	3350
3302	3347
3302	3343
3302	3341
3302	3330
3302	3321
3301	3436
3301	3426
3301	3387
3301	3363
3300	3430
3300	3426
3300	3392
3299	3434
3299	3421
3299	3406
3299	3403
3299	3397
3299	3391
3299	3360
3299	3353
3299	3351
3299	3345
3299	3344
3299	3342
3299	3340
3299	3321
3298	3396
3298	3381
3298	3378
3298	3350
3298	3332
3298	3328
3298	3320
3298	3306
3297	3419
3297	3416
3297	3397
3297	3391
3297	3381
3297	3351
3297	3335
3297	3330
3297	3316
3296	3434
3296	3415
3296	3411
3296	3351
3296	3350
3296	3344
3296	3337
3296	3321
3296	3304
3296	3302
3296	3297
3295	3415
3295	3412
3295	3366
3295	3356
3295	3346
3295	3334
3295	3331
3294	3362
3294	3333
3294	3324
3294	3315
3294	3303
3293	3435
3293	3433
3293	3426
3293	3394
3293	3384
3293	3363
3293	3362
3293	3348
3293	3339
3292	3341
3292	3331
3292	3302
3291	3434
3291	3422
3291	3421
3291	3416
3291	3406
3291	3397
3291	3396
3291	3391
3291	3386
3291	3380
3291	3378
3291	3360
3291	3355
3291	3353
3291	3351
3291	3347
3291	3345
3291	3344
3291	3342
3291	3341
3291	3337
3291	3335
3291	3332
3291	3330
3291	3321
3291	3320
3291	3313
3291	3302
3291	3299
3291	3297
3289	3396
3289	3341
3289	3331
3289	3302
3288	3434
3288	3422
3288	3419
3288	3411
3288	3397
3288	3393
3288	3386
3288	3360
3288	3355
3288	3350
3288	3332
3288	3313
3288	3297
3288	3291
3287	3422
3287	3406
3287	3403
3287	3396
3287	3377
3287	3355
3287	3353
3287	3332
3287	3320
3287	3298
3286	3417
3286	3414
3286	3324
3285	3420
3285	3410
3285	3371
3285	3366
3285	3356
3284	3426
3284	3387
3284	3363
3284	3348
3284	3339
3284	3324
3283	3423
3283	3382
3283	3325
3283	3318
3283	3314
3283	3309
3281	3396
3281	3378
3281	3377
3281	3367
3281	3320
3280	3434
3280	3431
3280	3422
3280	3419
3280	3397
3280	3396
3280	3391
3280	3381
3280	3378
3280	3360
3280	3351
3280	3350
3280	3347
3280	3344
3280	3332
3280	3330
3280	3327
3280	3320
3280	3306
3280	3298
3280	3297
3280	3296
3280	3291
3280	3288
3279	3432
3279	3395
3279	3374
3279	3353
3279	3326
3279	3305
3278	3361
3278	3335
3277	3434
3277	3419
3277	3416
3277	3397
3277	3391
3277	3381
3277	3378
3277	3351
3277	3344
3277	3330
3277	3321
3277	3320
3277	3316
3277	3297
3277	3291
3277	3280
3276	3353
3276	3343
3276	3340
3276	3299
3275	3385
3275	3359
3275	3327
3275	3318
3275	3292
3275	3291
3274	3422
3274	3397
3274	3396
3274	3377
3274	3375
3274	3367
3274	3360
3274	3353
3274	3350
3274	3320
3274	3313
3274	3302
3274	3291
3274	3287
3274	3281
3273	3412
3273	3373
3273	3366
3273	3346
3273	3295
3272	3422
3272	3381
3272	3378
3272	3360
3272	3351
3272	3350
3272	3347
3272	3328
3272	3320
3272	3306
3272	3291
3272	3280
3272	3274
3269	3400
3268	3407
3267	3419
3267	3416
3267	3397
3267	3381
3267	3378
3267	3365
3267	3351
3267	3347
3267	3344
3267	3335
3267	3330
3267	3320
3267	3316
3267	3299
3267	3297
3267	3291
3267	3280
3267	3277
3267	3270
3266	3405
3266	3398
3266	3308
3265	3419
3265	3416
3265	3397
3265	3351
3265	3316
3265	3297
3265	3280
3265	3277
3265	3267
3264	3404
3264	3402
3264	3385
3264	3369
3264	3365
3264	3358
3264	3337
3263	3406
3263	3405
3263	3403
3263	3398
3263	3308
3263	3287
3263	3279
3263	3278
3263	3266
3262	3411
3262	3396
3262	3350
3262	3332
3262	3287
3261	3434
3261	3422
3261	3403
3261	3397
3261	3396
3261	3378
3261	3377
3261	3350
3261	3335
3261	3332
3261	3320
3261	3298
3261	3291
3261	3287
3261	3280
3261	3274
3261	3262
3260	3406
3260	3386
3260	3360
3260	3345
3260	3299
3260	3298
3260	3292
3260	3288
3260	3287
3259	3404
3259	3395
3259	3380
3259	3369
3259	3365
3259	3337
3259	3330
3259	3276
3259	3263
3258	3434
3258	3411
3258	3396
3258	3360
3258	3350
3258	3342
3258	3332
3258	3320
3258	3299
3258	3291
3258	3274
3258	3262
3257	3435
3257	3433
3257	3426
3257	3387
3257	3364
3257	3362
3257	3293
3256	3429
3256	3427
3256	3425
3256	3418
3256	3402
3256	3401
3256	3397
3256	3393
3256	3385
3256	3376
3256	3369
3256	3365
3256	3358
3256	3338
3256	3312
3256	3274
3256	3264
3256	3263
3255	3385
3255	3369
3255	3264
3255	3256
3254	3411
3254	3409
3254	3343
3254	3280
3254	3272
3253	3431
3253	3411
3253	3404
3253	3385
3253	3369
3253	3345
3253	3327
3253	3289
3253	3264
3253	3256
3253	3255
3252	3434
3252	3419
3252	3416
3252	3411
3252	3406
3252	3397
3252	3391
3252	3385
3252	3381
3252	3355
3252	3351
3252	3347
3252	3345
3252	3344
3252	3342
3252	3335
3252	3330
3252	3321
3252	3320
3252	3316
3252	3299
3252	3297
3252	3291
3252	3280
3252	3277
3252	3267
3252	3265
3251	3372
3250	3387
3250	3363
3249	3421
3249	3346
3248	3431
3248	3424
3248	3395
3248	3389
3248	3383
3248	3360
3248	3327
3248	3313
3248	3274
3247	3434
3247	3419
3247	3416
3247	3397
3247	3391
3247	3381
3247	3355
3247	3351
3247	3347
3247	3344
3247	3335
3247	3330
3247	3316
3247	3297
3247	3296
3247	3291
3247	3280
3247	3277
3247	3265
3247	3252
3246	3321
3246	3295
3246	3275
3245	3403
3245	3278
3245	3263
3244	3246
3243	3435
3243	3433
3243	3417
3243	3384
3243	3363
3243	3293
3242	3411
3242	3329
3242	3274
3241	3420
3241	3412
3241	3410
3241	3371
3241	3285
3240	3434
3240	3421
3240	3416
3240	3406
3240	3397
3240	3391
3240	3386
3240	3355
3240	3345
3240	3344
3240	3342
3240	3341
3240	3335
3240	3332
3240	3330
3240	3321
3240	3320
3240	3319
3240	3316
3240	3299
3240	3291
3240	3276
3240	3252
3240	3247
3239	3434
3239	3419
3239	3416
3239	3406
3239	3397
3239	3391
3239	3381
3239	3355
3239	3351
3239	3347
3239	3345
3239	3344
3239	3330
3239	3321
3239	3320
3239	3316
3239	3297
3239	3291
3239	3277
3239	3267
3239	3265
3239	3252
3239	3247
3239	3240
3238	3435
3238	3433
3238	3387
3238	3348
3238	3293
3238	3257
3237	3426
3237	3390
3237	3324
3237	3315
3237	3303
3237	3286
3237	3284
3236	3385
3236	3369
3236	3359
3236	3264
3236	3256
3236	3253
3235	3397
3235	3288
3235	3280
3234	3400
3234	3390
3234	3362
3234	3324
3234	3315
3234	3294
3234	3286
3234	3237
3233	3415
3233	3412
3233	3379
3233	3370
3233	3366
3233	3359
3233	3356
3233	3346
3233	3335
3233	3302
3233	3295
3233	3285
3233	3273
3233	3244
3233	3240
3232	3426
3232	3417
3232	3400
3232	3387
3232	3363
3232	3348
3232	3339
3232	3324
3232	3301
3232	3284
3232	3257
3232	3237
3232	3234
3231	3400
3231	3394
3231	3392
3231	3317
3231	3269
3229	3392
3229	3300
3229	3231
3228	3426
3228	3363
3228	3348
3228	3324
3228	3293
3227	3324
3227	3269
3226	3433
3226	3426
3226	3417
3226	3399
3226	3390
3226	3387
3226	3363
3226	3348
3226	3339
3226	3284
3226	3232
3225	3422
3225	3403
3225	3396
3225	3386
3225	3328
3225	3320
3225	3288
3225	3287
3225	3281
3225	3274
3225	3261
3224	3434
3224	3421
3224	3406
3224	3397
3224	3391
3224	3386
3224	3360
3224	3355
3224	3353
3224	3351
3224	3345
3224	3344
3224	3342
3224	3330
3224	3321
3224	3313
3224	3299
3224	3291
3224	3267
3224	3260
3224	3252
3224	3240
3224	3239
3223	3420
3223	3412
3223	3410
3223	3406
3223	3371
3223	3366
3223	3342
3223	3285
3223	3244
3223	3241
3222	3340
3222	3278
3222	3263
3222	3245
3221	3389
3221	3383
3221	3346
3221	3327
3221	3275
3221	3249
3221	3248
3220	3433
3220	3417
3220	3363
3220	3362
3220	3324
3220	3293
3220	3232
3219	3415
3219	3409
3219	3404
3219	3395
3219	3385
3219	3379
3219	3369
3219	3365
3219	3342
3219	3341
3219	3340
3219	3337
3219	3331
3219	3330
3219	3259
3219	3256
3219	3255
3218	3354
3217	3302
3215	3335
3215	3307
3215	3302
3215	3280
3215	3274
3215	3272
3215	3239
3215	3224
3214	3419
3214	3383
3214	3379
3214	3365
3214	3342
3214	3337
3214	3327
3214	3326
3214	3312
3214	3296
3214	3279
3214	3276
3214	3253
3214	3249
3214	3248
3214	3221
3214	3219
3213	3417
3213	3394
3213	3363
3213	3324
3213	3303
3213	3234
3213	3220
3212	3434
3212	3406
3212	3360
3212	3355
3212	3345
3212	3335
3212	3321
3212	3299
3212	3240
3211	3431
3211	3374
3211	3346
3211	3330
3211	3329
3211	3215
3210	3415
3210	3411
3210	3366
3210	3346
3210	3313
3210	3302
3210	3233
3209	3360
3209	3345
3209	3320
3209	3299
3209	3260
3209	3212
3208	3431
3208	3411
3208	3214
3207	3420
3207	3412
3207	3410
3207	3371
3207	3366
3207	3359
3207	3356
3207	3350
3207	3295
3207	3285
3207	3273
3207	3252
3207	3241
3207	3233
3207	3223
3206	3434
3206	3416
3206	3397
3206	3391
3206	3355
3206	3351
3206	3347
3206	3344
3206	3320
3206	3316
3206	3291
3206	3280
3206	3252
3206	3247
3206	3240
3206	3239
3205	3369
3205	3343
3205	3278
3205	3276
3205	3263
3205	3245
3205	3242
3204	3434
3204	3419
3204	3378
3204	3360
3204	3351
3204	3347
3204	3342
3204	3321
3204	3320
3204	3302
3204	3297
3204	3296
3204	3291
3204	3280
3204	3277
3204	3267
3203	3421
3203	3406
3203	3395
3203	3366
3203	3345
3203	3342
3203	3321
3203	3313
3203	3299
3203	3291
3203	3275
3203	3240
3203	3233
3203	3224
3203	3210
3203	3208
3202	3324
3202	3232
3201	3434
3201	3419
3201	3416
3201	3411
3201	3406
3201	3397
3201	3391
3201	3381
3201	3378
3201	3360
3201	3355
3201	3351
3201	3350
3201	3347
3201	3344
3201	3330
3201	3320
3201	3316
3201	3297
3201	3296
3201	3291
3201	3280
3201	3277
3201	3272
3201	3267
3201	3265
3201	3261
3201	3252
3201	3247
3201	3239
3201	3206
3201	3204
3200	3354
3200	3218
3200	3216
3199	3434
3199	3378
3199	3358
3199	3337
3199	3331
3199	3330
3199	3320
3199	3280
3199	3259
3198	3434
3198	3422
3198	3419
3198	3411
3198	3397
3198	3395
3198	3393
3198	3385
3198	3379
3198	3353
3198	3351
3198	3347
3198	3345
3198	3342
3198	3337
3198	3331
3198	3330
3198	3321
3198	3291
3198	3259
3198	3255
3198	3253
3198	3252
3198	3219
3198	3204
3198	3201
3198	3199
3197	3345
3197	3342
3197	3321
3197	3299
3197	3224
3197	3216
3196	3418
3196	3403
3196	3402
3196	3385
3196	3369
3196	3365
3196	3330
3196	3327
3196	3289
3196	3264
3196	3256
3196	3255
3196	3253
3196	3236
3196	3221
3195	3436
3195	3426
3195	3399
3195	3387
3195	3363
3195	3348
3195	3301
3195	3284
3195	3250
3195	3232
3195	3226
3194	3397
3194	3360
3194	3320
3194	3260
3194	3212
3194	3209
3193	3414
3193	3324
3193	3315
3193	3301
3193	3294
3193	3234
3192	3422
3192	3385
3192	3353
3192	3274
3192	3198
3191	3434
3191	3412
3191	3393
3191	3379
3191	3366
3191	3359
3191	3355
3191	3344
3191	3320
3191	3313
3191	3291
3191	3258
3191	3240
3191	3233
3191	3223
3191	3203
3190	3383
3190	3341
3190	3327
3190	3275
3190	3248
3190	3221
3189	3415
3189	3406
3189	3395
3189	3369
3189	3331
3189	3259
3189	3219
3189	3198
3188	3434
3188	3411
3188	3360
3188	3352
3188	3345
3188	3320
3188	3306
3188	3299
3188	3280
3188	3277
3188	3265
3188	3260
3188	3253
3188	3252
3188	3247
3188	3212
3188	3209
3188	3206
3188	3201
3188	3194
3187	3425
3187	3408
3187	3404
3187	3402
3187	3385
3187	3369
3187	3365
3187	3337
3187	3264
3187	3256
3187	3255
3187	3253
3187	3249
3187	3240
3187	3196
3186	3386
3186	3350
3186	3320
3186	3295
3186	3246
3186	3233
3186	3191
3185	3434
3185	3422
3185	3419
3185	3411
3185	3409
3185	3403
3185	3396
3185	3385
3185	3378
3185	3377
3185	3360
3185	3351
3185	3350
3185	3347
3185	3342
3185	3335
3185	3320
3185	3297
3185	3287
3185	3280
3185	3278
3185	3277
3185	3274
3185	3272
3185	3267
3185	3261
3185	3225
3185	3201
3185	3198
3184	3417
3184	3414
3184	3390
3184	3387
3184	3363
3184	3324
3184	3315
3184	3303
3184	3294
3184	3286
3184	3234
3184	3226
3184	3213
3184	3193
3182	3434
3182	3411
3182	3397
3182	3396
3182	3386
3182	3378
3182	3353
3182	3351
3182	3350
3182	3332
3182	3320
3182	3298
3182	3297
3182	3291
3182	3288
3182	3280
3182	3274
3182	3272
3182	3262
3182	3261
3182	3258
3182	3225
3182	3204
3182	3198
3182	3185
3181	3372
3181	3251
3180	3372
3180	3251
3180	3181
3179	3434
3179	3411
3179	3397
3179	3396
3179	3351
3179	3350
3179	3332
3179	3298
3179	3297
3179	3296
3179	3280
3179	3265
3179	3262
3179	3261
3179	3258
3179	3253
3179	3247
3179	3205
3179	3201
3179	3188
3179	3185
3179	3182
3178	3415
3178	3403
3178	3374
3178	3357
3178	3307
3178	3295
3178	3211
3178	3208
3177	3420
3177	3415
3177	3412
3177	3380
3177	3366
3177	3295
3177	3291
3177	3285
3177	3273
3177	3241
3177	3233
3177	3207
3177	3204
3177	3203
3177	3186
3176	3420
3176	3412
3176	3366
3176	3356
3176	3295
3176	3285
3176	3241
3176	3233
3176	3225
3176	3223
3176	3207
3175	3194
3175	3188
3174	3426
3174	3399
3174	3387
3174	3363
3174	3362
3174	3348
3174	3339
3174	3304
3174	3284
3174	3232
3174	3226
3174	3195
3174	3184
3173	3431
3173	3418
3173	3381
3173	3335
3173	3221
3173	3210
3172	3434
3172	3422
3172	3411
3172	3403
3172	3396
3172	3381
3172	3378
3172	3377
3172	3353
3172	3351
3172	3350
3172	3347
3172	3332
3172	3320
3172	3313
3172	3298
3172	3296
3172	3291
3172	3287
3172	3280
3172	3274
3172	3272
3172	3261
3172	3258
3172	3225
3172	3204
3172	3201
3172	3199
3172	3198
3172	3185
3172	3182
3172	3179
3171	3431
3171	3404
3171	3312
3171	3214
3171	3208
3170	3434
3170	3396
3170	3378
3170	3377
3170	3350
3170	3347
3170	3332
3170	3320
3170	3298
3170	3291
3170	3280
3170	3211
3170	3185
3170	3172
3169	3434
3169	3419
3169	3416
3169	3397
3169	3391
3169	3385
3169	3381
3169	3351
3169	3344
3169	3335
3169	3330
3169	3316
3169	3297
3169	3291
3169	3280
3169	3277
3169	3267
3169	3265
3169	3252
3169	3247
3169	3239
3169	3201
3169	3198
3169	3179
3168	3415
3168	3412
3168	3405
3168	3379
3168	3366
3168	3346
3168	3331
3168	3295
3168	3273
3168	3233
3168	3207
3168	3191
3168	3179
3168	3177
3168	3176
3167	3385
3167	3369
3167	3365
3167	3256
3167	3255
3167	3236
3167	3210
3167	3177
3166	3400
3166	3339
3166	3238
3166	3232
3166	3174
3165	3343
3164	3263
3163	3435
3163	3387
3163	3226
3163	3195
3163	3166
3162	3415
3162	3412
3162	3379
3162	3366
3162	3359
3162	3356
3162	3346
3162	3334
3162	3331
3162	3306
3162	3302
3162	3295
3162	3285
3162	3273
3162	3255
3162	3233
3162	3207
3162	3203
3162	3191
3162	3177
3162	3176
3162	3168
3161	3245
3161	3225
3161	3176
3160	3397
3160	3386
3160	3360
3160	3355
3160	3350
3160	3344
3160	3298
3160	3240
3160	3186
3159	3405
3159	3295
3159	3168
3158	3433
3158	3417
3158	3363
3158	3348
3158	3293
3158	3238
3158	3232
3158	3220
3158	3195
3158	3166
3158	3163
3157	3431
3157	3350
3157	3342
3157	3328
3157	3327
3157	3320
3156	3385
3156	3369
3156	3365
3156	3264
3156	3256
3156	3255
3156	3187
3155	3368
3154	3434
3154	3415
3154	3412
3154	3411
3154	3397
3154	3391
3154	3386
3154	3380
3154	3379
3154	3371
3154	3370
3154	3366
3154	3355
3154	3346
3154	3344
3154	3334
3154	3321
3154	3295
3154	3291
3154	3288
3154	3277
3154	3256
3154	3253
3154	3252
3154	3240
3154	3233
3154	3223
3154	3207
3154	3191
3154	3188
3154	3179
3154	3177
3154	3168
3154	3162
3154	3160
3153	3428
3153	3392
3153	3229
3152	3434
3152	3419
3152	3411
3152	3397
3152	3396
3152	3378
3152	3373
3152	3353
3152	3351
3152	3350
3152	3347
3152	3335
3152	3332
3152	3330
3152	3329
3152	3320
3152	3313
3152	3297
3152	3296
3152	3291
3152	3288
3152	3280
3152	3274
3152	3265
3152	3258
3152	3252
3152	3247
3152	3239
3152	3235
3152	3204
3152	3201
3152	3198
3152	3192
3152	3188
3152	3185
3152	3182
3152	3172
3152	3169
3151	3431
3151	3409
3151	3406
3151	3327
3151	3326
3151	3312
3151	3214
3150	3419
3150	3411
3150	3409
3150	3406
3150	3397
3150	3381
3150	3360
3150	3351
3150	3350
3150	3347
3150	3344
3150	3342
3150	3335
3150	3332
3150	3330
3150	3329
3150	3302
3150	3297
3150	3296
3150	3291
3150	3280
3150	3277
3150	3272
3150	3267
3150	3265
3150	3253
3150	3252
3150	3247
3150	3223
3150	3201
3150	3198
3150	3188
3150	3185
3150	3179
3150	3169
3150	3154
3150	3152
3150	3151
3149	3435
3149	3426
3149	3387
3149	3348
3149	3339
3149	3301
3149	3284
3149	3237
3149	3232
3149	3226
3149	3195
3149	3193
3149	3174
3149	3163
3148	3434
3148	3422
3148	3411
3148	3403
3148	3381
3148	3378
3148	3360
3148	3331
3148	3327
3148	3306
3148	3298
3148	3280
3148	3272
3148	3254
3148	3242
3148	3215
3146	3434
3146	3419
3146	3416
3146	3397
3146	3383
3146	3381
3146	3351
3146	3347
3146	3344
3146	3335
3146	3330
3146	3316
3146	3302
3146	3297
3146	3291
3146	3288
3146	3277
3146	3267
3146	3265
3146	3252
3146	3247
3146	3239
3146	3206
3146	3201
3146	3198
3146	3169
3146	3152
3145	3422
3145	3419
3145	3403
3145	3396
3145	3386
3145	3385
3145	3381
3145	3378
3145	3377
3145	3351
3145	3350
3145	3347
3145	3332
3145	3330
3145	3320
3145	3297
3145	3291
3145	3287
3145	3280
3145	3277
3145	3274
3145	3267
3145	3261
3145	3260
3145	3255
3145	3206
3145	3204
3145	3201
3145	3199
3145	3185
3145	3182
3145	3172
3145	3169
3144	3431
3144	3360
3144	3346
3144	3328
3144	3255
3144	3235
3144	3214
3144	3162
3143	3153
3142	3426
3142	3387
3142	3363
3142	3339
3142	3324
3142	3284
3142	3250
3142	3232
3142	3226
3142	3213
3142	3195
3142	3174
3142	3163
3141	3354
3141	3271
3141	3218
3141	3216
3141	3200
3140	3406
3140	3397
3140	3393
3140	3386
3140	3380
3140	3379
3140	3378
3140	3360
3140	3353
3140	3345
3140	3342
3140	3341
3140	3335
3140	3331
3140	3321
3140	3320
3140	3313
3140	3302
3140	3291
3140	3277
3140	3275
3140	3255
3140	3240
3140	3225
3140	3219
3140	3214
3140	3203
3140	3194
3140	3182
3140	3179
3140	3177
3140	3161
3140	3154
3140	3145
3139	3430
3139	3428
3139	3426
3139	3392
3139	3300
3139	3231
3139	3229
3139	3153
3138	3374
3138	3307
3138	3279
3138	3211
3138	3208
3138	3178
3138	3152
3137	3430
3137	3426
3137	3400
3137	3394
3137	3392
3137	3387
3137	3348
3137	3257
3137	3232
3137	3231
3137	3229
3137	3228
3137	3166
3137	3158
3137	3149
3137	3139
3136	3419
3136	3409
3136	3395
3136	3385
3136	3379
3136	3369
3136	3365
3136	3341
3136	3340
3136	3337
3136	3335
3136	3331
3136	3330
3136	3327
3136	3282
3136	3279
3136	3264
3136	3259
3136	3256
3136	3253
3136	3233
3136	3219
3136	3214
3136	3198
3136	3196
3136	3189
3136	3187
3136	3171
3135	3433
3135	3417
3135	3363
3135	3293
3135	3220
3135	3166
3135	3158
3133	3366
3133	3273
3133	3233
3132	3434
3132	3419
3132	3416
3132	3411
3132	3397
3132	3396
3132	3391
3132	3381
3132	3355
3132	3351
3132	3350
3132	3347
3132	3344
3132	3335
3132	3332
3132	3330
3132	3321
3132	3320
3132	3316
3132	3297
3132	3296
3132	3291
3132	3288
3132	3280
3132	3277
3132	3267
3132	3265
3132	3260
3132	3253
3132	3252
3132	3247
3132	3239
3132	3212
3132	3206
3132	3201
3132	3188
3132	3185
3132	3179
3132	3169
3132	3154
3132	3152
3132	3150
3132	3146
3132	3145
3131	3372
3131	3251
3131	3181
3131	3180
3130	3300
3129	3436
3129	3435
3129	3426
3129	3363
3129	3348
3129	3324
3129	3301
3129	3257
3129	3228
3129	3226
3128	3336
3128	3322
3127	3147
3126	3336
3126	3322
3126	3128
3124	3419
3124	3418
3124	3393
3124	3380
3124	3365
3124	3335
3124	3312
3124	3256
3124	3215
3124	3205
3124	3196
3124	3185
3124	3173
3123	3430
3123	3400
3123	3339
3123	3257
3123	3231
3123	3166
3123	3158
3123	3137
3123	3135
3122	3354
3122	3218
3122	3200
3122	3141
3120	3434
3120	3419
3120	3416
3120	3406
3120	3397
3120	3391
3120	3381
3120	3355
3120	3351
3120	3350
3120	3345
3120	3344
3120	3342
3120	3335
3120	3330
3120	3321
3120	3320
3120	3316
3120	3299
3120	3297
3120	3291
3120	3280
3120	3277
3120	3267
3120	3252
3120	3247
3120	3240
3120	3239
3120	3224
3120	3207
3120	3206
3120	3201
3120	3198
3120	3191
3120	3169
3120	3154
3120	3150
3120	3146
3120	3132
3119	3435
3119	3417
3119	3387
3119	3362
3119	3324
3119	3293
3119	3257
3119	3238
3119	3232
3119	3174
3119	3166
3119	3158
3119	3135
3119	3123
3118	3412
3118	3403
3118	3396
3118	3386
3118	3379
3118	3377
3118	3366
3118	3353
3118	3332
3118	3320
3118	3295
3118	3287
3118	3263
3118	3233
3118	3172
3118	3168
3118	3162
3118	3160
3118	3145
3117	3431
3117	3364
3117	3363
3117	3342
3117	3339
3117	3304
3117	3302
3117	3274
3117	3237
3117	3228
3117	3215
3117	3214
3117	3213
3117	3195
3117	3174
3117	3173
3117	3124
3116	3434
3116	3431
3116	3422
3116	3419
3116	3418
3116	3416
3116	3411
3116	3397
3116	3396
3116	3391
3116	3381
3116	3360
3116	3351
3116	3350
3116	3347
3116	3344
3116	3335
3116	3332
3116	3330
3116	3321
3116	3320
3116	3306
3116	3302
3116	3298
3116	3297
3116	3296
3116	3291
3116	3280
3116	3272
3116	3267
3116	3265
3116	3261
3116	3258
3116	3252
3116	3247
3116	3239
3116	3214
3116	3212
3116	3206
3116	3201
3116	3198
3116	3188
3116	3185
3116	3182
3116	3179
3116	3170
3116	3169
3116	3152
3116	3150
3116	3148
3116	3146
3116	3132
3116	3120
3115	3434
3115	3422
3115	3419
3115	3411
3115	3397
3115	3396
3115	3378
3115	3351
3115	3350
3115	3344
3115	3342
3115	3335
3115	3302
3115	3291
3115	3288
3115	3280
3115	3265
3115	3259
3115	3252
3115	3247
3115	3224
3115	3201
3115	3198
3115	3185
3115	3182
3115	3179
3115	3152
3115	3150
3115	3132
3115	3124
3115	3116
3114	3435
3114	3430
3114	3426
3114	3400
3114	3394
3114	3364
3114	3362
3114	3339
3114	3231
3114	3166
3114	3139
3114	3137
3114	3123
3114	3119
3113	3434
3113	3419
3113	3391
3113	3381
3113	3378
3113	3377
3113	3366
3113	3351
3113	3350
3113	3347
3113	3335
3113	3327
3113	3323
3113	3320
3113	3299
3113	3298
3113	3297
3113	3291
3113	3280
3113	3277
3113	3272
3113	3267
3113	3261
3113	3252
3113	3204
3113	3201
3113	3198
3113	3182
3113	3179
3113	3169
3113	3162
3113	3148
3113	3145
3113	3132
3113	3120
3113	3115
3112	3422
3112	3378
3112	3298
3112	3280
3112	3185
3112	3172
3111	3434
3111	3422
3111	3415
3111	3403
3111	3396
3111	3395
3111	3378
3111	3377
3111	3353
3111	3350
3111	3342
3111	3320
3111	3302
3111	3298
3111	3287
3111	3280
3111	3279
3111	3274
3111	3261
3111	3253
3111	3240
3111	3225
3111	3224
3111	3219
3111	3189
3111	3185
3111	3172
3111	3157
3111	3150
3111	3145
3111	3136
3111	3118
3110	3421
3110	3403
3110	3374
3110	3369
3110	3327
3110	3313
3110	3302
3110	3178
3110	3138
3109	3415
3109	3360
3109	3345
3109	3299
3109	3260
3109	3212
3109	3188
3108	3426
3108	3387
3108	3363
3108	3348
3108	3339
3108	3284
3108	3250
3108	3232
3108	3226
3108	3195
3108	3149
3107	3421
3107	3403
3107	3395
3107	3379
3107	3343
3107	3342
3107	3341
3107	3340
3107	3337
3107	3330
3107	3323
3107	3313
3107	3291
3107	3288
3107	3275
3107	3263
3107	3246
3107	3242
3107	3219
3107	3215
3107	3198
3107	3187
3107	3186
3107	3154
3107	3117
3106	3434
3106	3416
3106	3406
3106	3397
3106	3391
3106	3386
3106	3355
3106	3345
3106	3344
3106	3342
3106	3332
3106	3330
3106	3321
3106	3320
3106	3319
3106	3299
3106	3291
3106	3267
3106	3252
3106	3247
3106	3240
3106	3239
3106	3224
3106	3203
3106	3201
3106	3198
3106	3191
3106	3169
3106	3160
3106	3154
3106	3146
3106	3120
3106	3116
3105	3354
3105	3251
3105	3218
3105	3200
3105	3141
3105	3122
3104	3435
3104	3426
3104	3417
3104	3390
3104	3384
3104	3364
3104	3363
3104	3362
3104	3339
3104	3324
3104	3294
3104	3293
3104	3243
3104	3232
3104	3137
3104	3130
3104	3123
3104	3119
3104	3114
3103	3420
3103	3412
3103	3410
3103	3371
3103	3359
3103	3285
3103	3241
3103	3207
3103	3176
3103	3150
3103	3136
3102	3434
3102	3416
3102	3351
3102	3347
3102	3344
3102	3330
3102	3320
3102	3297
3102	3280
3102	3277
3102	3267
3102	3265
3102	3252
3102	3247
3102	3239
3102	3201
3102	3185
3102	3179
3102	3169
3102	3152
3102	3150
3102	3146
3102	3145
3102	3132
3102	3116
3101	3434
3101	3419
3101	3416
3101	3411
3101	3406
3101	3403
3101	3397
3101	3391
3101	3385
3101	3381
3101	3373
3101	3366
3101	3360
3101	3355
3101	3353
3101	3351
3101	3350
3101	3347
3101	3344
3101	3335
3101	3332
3101	3330
3101	3320
3101	3316
3101	3302
3101	3297
3101	3296
3101	3291
3101	3288
3101	3280
3101	3277
3101	3267
3101	3265
3101	3261
3101	3253
3101	3252
3101	3247
3101	3240
3101	3239
3101	3225
3101	3224
3101	3214
3101	3206
3101	3201
3101	3198
3101	3188
3101	3185
3101	3182
3101	3179
3101	3169
3101	3155
3101	3152
3101	3150
3101	3146
3101	3145
3101	3140
3101	3132
3101	3120
3101	3116
3101	3115
3101	3113
3101	3110
3101	3106
3101	3102
3100	3366
3100	3350
3100	3346
3100	3337
3100	3320
3100	3295
3100	3233
3100	3182
3100	3179
3100	3168
3100	3162
3100	3154
3100	3145
3100	3118
3100	3111
3099	3369
3099	3349
3099	3329
3099	3242
3098	3387
3098	3364
3098	3363
3098	3362
3098	3348
3098	3339
3098	3301
3098	3232
3098	3226
3098	3195
3098	3149
3098	3142
3098	3129
3098	3119
3098	3117
3098	3108
3097	3360
3097	3345
3097	3342
3097	3340
3097	3329
3097	3302
3097	3299
3097	3279
3097	3275
3097	3274
3097	3236
3097	3215
3097	3214
3097	3177
3097	3157
3097	3150
3097	3136
3097	3124
3097	3117
3097	3107
3097	3101
3096	3426
3096	3399
3096	3387
3096	3384
3096	3363
3096	3362
3096	3348
3096	3339
3096	3301
3096	3284
3096	3232
3096	3226
3096	3195
3096	3184
3096	3174
3096	3163
3096	3149
3096	3142
3096	3108
3096	3098
3095	3426
3095	3392
3095	3324
3095	3303
3095	3153
3095	3143
3095	3139
3095	3137
3094	3267
3094	3204
3094	3145
3093	3380
3093	3357
3093	3342
3093	3291
3093	3274
3093	3204
3093	3177
3093	3171
3093	3154
3092	3362
3092	3324
3092	3303
3092	3237
3092	3226
3092	3213
3092	3104
3090	3435
3090	3433
3090	3430
3090	3426
3090	3417
3090	3392
3090	3387
3090	3384
3090	3364
3090	3363
3090	3362
3090	3339
3090	3326
3090	3324
3090	3303
3090	3293
3090	3257
3090	3250
3090	3238
3090	3232
3090	3231
3090	3229
3090	3220
3090	3195
3090	3163
3090	3158
3090	3142
3090	3139
3090	3137
3090	3123
3090	3119
3090	3114
3090	3104
3089	3406
3089	3403
3089	3397
3089	3393
3089	3360
3089	3355
3089	3345
3089	3344
3089	3332
3089	3321
3089	3319
3089	3299
3089	3287
3089	3263
3089	3260
3089	3252
3089	3240
3089	3212
3089	3209
3089	3194
3089	3188
3089	3160
3089	3120
3089	3118
3089	3116
3089	3109
3089	3106
3089	3101
3088	3298
3088	3291
3088	3280
3088	3272
3088	3208
3088	3116
3087	3427
3087	3406
3087	3404
3087	3395
3087	3385
3087	3369
3087	3365
3087	3358
3087	3338
3087	3337
3087	3327
3087	3321
3087	3313
3087	3299
3087	3296
3087	3289
3087	3264
3087	3256
3087	3255
3087	3253
3087	3249
3087	3236
3087	3219
3087	3196
3087	3187
3087	3136
3087	3107
3086	3420
3086	3412
3086	3410
3086	3379
3086	3371
3086	3366
3086	3356
3086	3346
3086	3295
3086	3285
3086	3263
3086	3241
3086	3233
3086	3207
3086	3177
3086	3176
3086	3168
3086	3162
3086	3154
3086	3136
3086	3103
3085	3363
3085	3348
3085	3304
3085	3284
3085	3250
3085	3238
3085	3232
3085	3228
3085	3193
3085	3129
3085	3108
3084	3435
3084	3433
3084	3426
3084	3417
3084	3400
3084	3387
3084	3384
3084	3364
3084	3362
3084	3339
3084	3324
3084	3300
3084	3293
3084	3257
3084	3243
3084	3238
3084	3232
3084	3166
3084	3158
3084	3149
3084	3137
3084	3130
3084	3123
3084	3119
3084	3114
3084	3104
3084	3090
3083	3322
3083	3128
3083	3126
3082	3434
3082	3421
3082	3419
3082	3416
3082	3411
3082	3409
3082	3406
3082	3397
3082	3396
3082	3391
3082	3386
3082	3381
3082	3378
3082	3357
3082	3355
3082	3351
3082	3350
3082	3347
3082	3345
3082	3344
3082	3342
3082	3335
3082	3332
3082	3330
3082	3321
3082	3320
3082	3316
3082	3306
3082	3299
3082	3297
3082	3291
3082	3280
3082	3277
3082	3272
3082	3267
3082	3265
3082	3260
3082	3252
3082	3247
3082	3240
3082	3239
3082	3224
3082	3206
3082	3204
3082	3203
3082	3201
3082	3198
3082	3191
3082	3185
3082	3182
3082	3172
3082	3169
3082	3152
3082	3150
3082	3148
3082	3146
3082	3145
3082	3140
3082	3132
3082	3120
3082	3116
3082	3115
3082	3113
3082	3106
3082	3101
3081	3405
3081	3398
3081	3365
3081	3341
3081	3308
3081	3266
3081	3263
3081	3259
3081	3208
3081	3196
3081	3138
3080	3400
3080	3394
3080	3390
3080	3388
3080	3363
3080	3333
3080	3317
3080	3269
3080	3231
3080	3137
3080	3104
3080	3090
3079	3434
3079	3411
3079	3396
3079	3386
3079	3351
3079	3350
3079	3332
3079	3320
3079	3288
3079	3262
3079	3258
3079	3182
3079	3179
3079	3172
3079	3160
3078	3435
3078	3426
3078	3387
3078	3384
3078	3364
3078	3363
3078	3348
3078	3339
3078	3301
3078	3293
3078	3284
3078	3250
3078	3232
3078	3226
3078	3195
3078	3174
3078	3149
3078	3142
3078	3129
3078	3117
3078	3108
3078	3104
3078	3098
3078	3096
3078	3090
3078	3085
3077	3420
3077	3415
3077	3412
3077	3410
3077	3373
3077	3371
3077	3366
3077	3361
3077	3356
3077	3342
3077	3295
3077	3285
3077	3273
3077	3263
3077	3253
3077	3244
3077	3241
3077	3233
3077	3223
3077	3207
3077	3203
3077	3177
3077	3176
3077	3168
3077	3162
3077	3154
3077	3125
3077	3118
3077	3103
3077	3091
3077	3086
3076	3434
3076	3422
3076	3411
3076	3403
3076	3397
3076	3396
3076	3381
3076	3378
3076	3377
3076	3367
3076	3353
3076	3350
3076	3347
3076	3332
3076	3320
3076	3313
3076	3298
3076	3296
3076	3291
3076	3289
3076	3287
3076	3281
3076	3280
3076	3279
3076	3274
3076	3272
3076	3262
3076	3261
3076	3258
3076	3225
3076	3206
3076	3204
3076	3201
3076	3199
3076	3185
3076	3182
3076	3179
3076	3172
3076	3152
3076	3150
3076	3145
3076	3136
3076	3132
3076	3116
3076	3115
3076	3113
3076	3111
3076	3101
3076	3082
3076	3079
3075	3397
3075	3357
3075	3323
3075	3313
3075	3198
3075	3097
3074	3147
3074	3127
3073	3433
3073	3417
3073	3363
3073	3293
3073	3284
3073	3232
3073	3220
3073	3163
3073	3158
3073	3137
3073	3135
3073	3119
3073	3114
3073	3078
3072	3403
3072	3385
3072	3368
3072	3353
3072	3342
3072	3329
3072	3305
3072	3302
3072	3287
3072	3263
3072	3253
3072	3248
3072	3214
3072	3212
3072	3211
3072	3192
3072	3155
3072	3152
3072	3150
3072	3118
3072	3101
3072	3097
3072	3086
3070	3434
3070	3416
3070	3397
3070	3391
3070	3386
3070	3355
3070	3351
3070	3350
3070	3344
3070	3330
3070	3316
3070	3302
3070	3297
3070	3277
3070	3267
3070	3265
3070	3252
3070	3247
3070	3240
3070	3239
3070	3206
3070	3201
3070	3198
3070	3169
3070	3154
3070	3152
3070	3150
3070	3146
3070	3140
3070	3132
3070	3120
3070	3116
3070	3106
3070	3101
3070	3082
3069	3397
3069	3366
3069	3334
3069	3191
3069	3168
3069	3162
3069	3154
3069	3140
3069	3088
3068	3415
3068	3412
3068	3366
3068	3176
3068	3168
3068	3162
3068	3154
3068	3086
3067	3327
3067	3261
3067	3189
3067	3164
3067	3157
3067	3089
3067	3079
3066	3336
3066	3322
3066	3155
3066	3128
3066	3126
3066	3083
3066	3072
3065	3433
3065	3399
3065	3387
3065	3363
3065	3362
3065	3301
3065	3284
3065	3232
3065	3228
3065	3226
3065	3195
3065	3184
3065	3174
3065	3108
3065	3096
3065	3085
3065	3078
3064	3426
3064	3399
3064	3363
3064	3348
3064	3339
3064	3284
3064	3232
3064	3226
3064	3195
3064	3174
3064	3163
3064	3149
3064	3142
3064	3108
3064	3098
3064	3096
3064	3078
3064	3065
3063	3368
3063	3155
3063	3072
3062	3395
3062	3373
3062	3366
3062	3343
3062	3331
3062	3306
3062	3295
3062	3289
3062	3233
3062	3219
3062	3177
3062	3168
3062	3162
3062	3154
3062	3100
3062	3069
3061	3405
3061	3398
3061	3308
3061	3266
3061	3263
3061	3081
3060	3411
3060	3403
3060	3397
3060	3396
3060	3381
3060	3378
3060	3367
3060	3360
3060	3350
3060	3347
3060	3332
3060	3330
3060	3328
3060	3320
3060	3298
3060	3291
3060	3287
3060	3280
3060	3272
3060	3260
3060	3258
3060	3209
3060	3201
3060	3199
3060	3185
3060	3182
3060	3179
3060	3172
3060	3152
3060	3150
3060	3145
3060	3140
3060	3132
3060	3116
3060	3113
3060	3112
3060	3111
3060	3102
3060	3101
3060	3082
3060	3079
3060	3076
3059	3300
3058	3360
3058	3352
3058	3345
3058	3299
3058	3212
3058	3209
3058	3188
3057	3432
3057	3396
3057	3278
3057	3263
3057	3222
3057	3164