1977	2485
2092	2115
2917	4910
3007	4530
314	2976
627	4356
3052	4315
4194	4778
1280	3567
3892	4835
2214	2563
1775	4127
4829	4975
1915	4935
857	4975
2264	4118
61	3229
782	2287
3972	4420
1461	4841
1280	1609
46	214
2580	2638
696	4346
2465	4023
1831	2266
2621	4197
2555	3591
1099	4394
272	874
1387	4553
136	4858
2161	2693
1042	2560
2109	4527
3157	4572
209	3360
2726	3116
1792	4629
1280	4476
294	4540
388	3997
2224	3901
977	1502
2629	3724
3268	3771
353	2411
1525	3123
378	1494
1247	2172
173	3389
519	1060
1506	3655
807	3417
251	722
1648	2401
829	3629
2136	4104
1089	1408
974	2774
519	3007
937	3335
1327	2332
1041	1918
1883	5142
175	4540
1334	1915
2531	2774
418	1880
4014	5223
1042	1526
123	1768
1400	2822
1391	3765
772	4259
2404	2511
1278	3837
896	3061
22	474
2833	3253
1473	2813
775	4184
1806	3179
4517	4553
2158	2324
494	1298
687	1953
799	3461
1947	4995
2545	2644
1634	4517
2619	2995
4408	4981
3368	4816
3350	3809
1368	5074
1324	2656
1636	2737
2248	4149
725	1052
1387	1619
396	3854
857	4374
2848	3629
487	3330
2287	2851
2140	2722
3859	4131
1387	1730
2228	2322
1448	3204
2890	4863
805	5092
2671	3516
1934	5119
281	972
673	1083
1573	2883
3158	4321
2137	2181
316	2867
3601	3665
1417	4282
293	5071
458	612
941	2387
720	3867
746	1882
2329	2726
4487	4709
1877	4531
443	4881
2399	3791
2108	2332
3393	4139
3855	4662
3151	4456
59	495
1009	3890
2711	4987
1841	4377
1750	1922
1983	3834
289	2855
1330	3128
4455	5083
3225	3227
671	1396
1761	2368
2577	2973
2327	5142
2729	4545
3034	3413
1298	3636
1706	3452
2635	3811
1021	3873
360	581
2784	3233
3892	4601
6	4948
762	4943
676	3892
4835	5149
494	2955
1352	2867
2488	4940
3686	4015
1644	4487
662	755
1962	2603
1934	3181
3354	5104
2495	3752
1118	1684
200	1308
1809	3595
465	3493
306	2910
1192	2515
895	1893
682	2408
493	1754
695	1744
573	1488
2668	5207
1605	4324
2118	2661
2565	4681
1197	3404
433	1244
609	4508
2560	2917
494	2846
2637	5010
554	2833
519	4771
1555	3764
1502	1555
117	4999
845	4023
35	5233
1324	3490
1735	1765
3821	4122
9	1270
2641	2811
988	3969
2489	4324
2035	2156
111	2732
720	2267
1144	2379
81	1166
1934	2038
1227	4561
42	3390
1310	3652
3010	4988
3769	4629
1953	4547
1719	3605
4674	4960
2265	2370
1122	2520
2165	4249
934	2465
548	4140
154	3199
10	123
4616	5113
1526	2764
3469	4927
823	4557
1506	2729
1497	3867
3813	4185
1414	2897
2140	4492
668	1505
21	3619
2023	2606
2376	3323
276	3503
200	2916
1266	3242
966	1504
1438	2647
2726	4586
1907	3907
1212	3985
519	4157
3568	4453
2225	3746
82	3816
111	4148
2064	3819
1454	5195
1652	4630
607	1189
733	3913
2956	3097
721	1464
130	244
2787	4022
1616	3069
894	2556
1723	2085
474	3900
2863	3796
316	4059
10	2242
179	1021
1427	3307
557	1423
1562	3531
58	3939
896	2803
1202	1368
1247	5149
231	762
628	812
3317	4471
2906	3207
1197	2393
908	4113
2228	2618
1060	1298
1121	3759
59	4553
3255	4269
1836	5059
9	2867
439	2889
254	757
1327	3707
2111	3319
757	1410
2238	3181
1792	4556
3957	4756
231	4885
2277	2565
1432	1961
211	321
563	1513
1639	4239
492	5188
2027	3216
768	1592
4218	4801
781	2486
234	3188
118	2282
4579	4692
1351	2928
2347	4203
2059	4015
145	3958
990	4620
316	1964
262	2793
2179	3882
3006	3349
3221	3233
1146	4793
2529	4209
3503	3665
1481	1920
88	4734
3062	3947
2277	4681
292	3651
558	4058
244	1101
1747	4410
4530	4771
4601	4981
2528	3535
1738	5195
3992	4416
2825	5013
3087	5173
4206	4884
1833	3346
3494	4324
1705	5161
2051	3296
767	3239
1435	4540
10	4681
2027	2329
2010	5142
1806	5111
2242	5047
1532	3909
3393	4988
673	2152
494	2059
3501	4681
1296	2906
10	4153
835	4605
934	3044
1861	5003
3319	4077
114	1594
2586	3771
371	1624
4233	4282
3447	5060
1227	4526
58	214
2140	2279
680	4409
703	3478
732	2532
1902	4940
2021	3953
2726	3369
709	4441
3052	4816
2598	3076
454	974
875	1479
1792	4304
158	1969
129	581
2489	3778
2726	4738
971	4940
4185	4245
1273	1333
1065	1519
432	4061
338	3974
3841	4474
2521	4324
147	2565
698	3996
227	1396
941	3789
885	2503
545	4490
3551	3602
827	2455
22	2059
1277	3531
4553	4563
129	3650
1475	3097
724	2868
1612	4497
2751	4738
3005	4108
730	3659
3661	4131
2453	4625
1189	4526
4664	5015
2916	3063
491	1396
4412	4596
551	2584
453	4958
554	2740
1768	3580
1519	1892
2465	4553
508	1389
1489	2205
2716	4385
1605	3501
2229	3071
1724	4979
2729	4826
4497	4841
1684	2670
2586	3381
367	401
1624	4987
34	1427
1754	2639
1605	2489
1782	4158
133	2408
1428	5062
2419	2833
1396	3437
246	2913
2076	2409
2905	4157
237	3306
1345	4184
775	4413
4533	4995
1008	3754
83	5066
2726	4059
214	3792
1475	2539
3207	5060
545	2764
3450	5029
761	843
3493	4511
445	2736
117	2732
3922	4635
2413	3451
3778	4681
3097	3960
2242	2489
2084	2513
1167	4562
1568	4028
65	1096
569	2936
3097	4015
3348	3351
1915	3530
447	3059
3794	4960
3747	3951
316	3778
129	1750
543	3531
2924	3789
133	1001
12	4984
628	1021
720	1517
115	1375
625	714
1720	4854
2716	3855
2249	3099
1036	1038
4457	4586
1944	3296
2711	4522
543	2668
3134	3553
949	2553
2059	3686
600	4694
4127	4522
235	2252
494	2862
160	2268
3693	3764
1337	1374
2481	4746
461	3762
790	3258
966	3237
1036	2746
907	4391
412	2081
194	5067
2165	4940
948	2407
1385	2716
214	4583
2399	4404
1687	4659
823	3203
1804	2283
2824	3512
1724	3772
3957	5027
1891	4629
3278	5206
4790	5096
590	2608
1141	2186
3198	4643
2668	3683
70	2967
2192	4303
1113	1907
4468	4931
751	3531
285	4157
1649	2686
310	1280
558	2277
778	4313
2556	4479
130	3957
1325	1396
751	1334
3228	3828
2243	5194
1352	2553
2092	4383
1790	5010
527	3738
2026	4145
1073	3008
875	5227
3575	4176
1919	3565
474	1951
4712	4752
2389	5045
1160	4957
428	1936
1889	2154
2836	3353
94	410
961	3787
1762	4377
2755	3406
1089	1856
5089	5100
10	598
1762	1841
896	2647
1352	3494
1714	4935
2553	3494
1368	4333
1782	4946
4282	4681
3382	4665
3961	4246
3273	4510
1986	2524
1283	4674
2626	3145
1293	2550
1632	2270
1277	4910
194	2586
932	2465
608	5097
1431	2798
303	3063
1693	2685
235	4244
3044	4601
2513	3447
3892	5056
3460	3861
2894	4135
2509	3438
3907	4570
673	1650
3097	3255
1189	2807
2301	3686
2656	3490
3511	4623
1319	3497
2833	3751
2787	3237
2917	3531
322	999
3744	4442
1343	1719
523	1009
2636	4989
2591	2616
1782	2862
2928	3115
1042	1334
87	933
2217	2608
2354	3827
1192	4892
2138	2201
2718	3006
450	1049
901	4221
1601	3293
2620	4218
998	4490
2297	2430
2822	4058
1530	4846
1202	3173
1063	4066
196	2404
725	2495
4055	4060
907	4987
2058	3838
314	4296
501	1668
4221	5030
1482	1498
1332	5015
761	4414
2956	3523
1709	2406
1817	2363
1572	3698
93	1986
1988	5152
1673	3596
3077	4018
3563	4714
724	752
3681	4001
3060	4190
2160	2747
1410	2764
2784	3072
2959	3488
755	3577
1983	2059
1449	2857
1352	3426
1288	3057
1767	3854
333	1379
1280	1495
199	5174
3308	3534
4629	4920
3081	4773
2596	5222
388	1654
1731	4247
2901	4282
719	3854
1410	2917
598	845
243	2032
542	4892
3358	3665
1449	3374
633	3100
598	2565
3551	3762
123	147
716	907
1435	3503
2436	4883
2385	4215
579	1859
3620	4167
1292	2884
2541	4034
3416	4318
505	2774
123	2822
116	360
672	3471
433	696
294	4692
2752	3807
4282	4835
3261	3992
934	4981
2472	4843
139	3864
1198	2631
4797	4798
2079	4402
2809	4695
822	3693
1489	3589
855	1467
1351	2868
1605	2022
892	3141
1594	5085
1998	4426
1489	2718
1438	1833
4247	4249
2493	3686
614	1377
1893	3686
296	1687
2916	3075
1847	3101
1555	1951
521	977
3493	3524
1664	2602
2046	2101
761	5215
1468	3018
4403	5051
2648	3771
1974	2242
548	1609
1189	4645
3686	3834
2243	2843
673	1235
233	2388
2774	4439
984	1947
1485	3106
1824	3158
616	2868
3778	4058
2073	4820
4218	4933
1283	3061
2910	4992
124	2603
2379	3508
3480	4674
371	1584
101	4030
1642	1792
1458	1533
113	3955
1942	2432
932	4981
955	3869
1983	4530
1781	2254
127	2404
2178	4324
2701	3874
3633	3799
794	1234
859	5135
1345	4735
299	406
1997	3201
4762	5196
857	2716
83	548
1015	3961
1870	4807
1853	2501
1712	2959
968	1800
673	3987
367	3973
616	2575
841	3366
679	4652
752	1351
1387	2047
2253	4312
2399	2575
229	941
1600	4695
1489	2484
409	4477
2972	3450
4695	5061
4059	4304
543	4490
1031	3057
2433	3615
147	316
558	3778
843	2178
2779	4473
321	926
3596	4583
2399	3115
1868	2205
38	3310
2618	3913
827	5233
2272	4176
519	1893
3274	4086
558	682
2210	4135
1811	2188
1605	4282
1782	2905
115	1834
1473	3771
2210	3446
1432	4642
1310	1424
4329	5164
2195	4131
5107	5150
659	4988
2354	2859
5056	5225
1353	4020
4717	5128
445	2867
4587	4644
523	2165
543	5207
1086	4964
2032	4439
4771	4946
1882	4404
1825	2636
3063	4937
3979	4155
96	4341
2344	4320
2690	4009
2565	2867
4039	4891
257	4246
776	3235
896	1441
1135	4008
2922	4226
1352	2465
1325	3086
1381	4220
391	2117
2598	2896
1805	4976
1804	4666
147	3771
1334	2668
360	549
2182	4538
2726	3203
457	4080
1951	3686
1150	2354
4551	5182
2879	3435
662	3527
1298	1951
418	1088
2803	3480
2210	4616
1009	2092
3608	4583
977	2493
436	4864
1348	2985
2543	3184
696	2811
569	2399
3258	5002
951	4245
1088	3507
1464	4404
1792	3201
2487	4672
2906	3495
2553	4233
1986	3028
31	2666
635	1881
1974	2901
2714	3494
1302	4232
521	3636
598	1813
1178	4304
1410	1562
1405	4962
2460	3862
1021	1258
3753	5074
1040	4382
1142	3321
3035	4764
2277	2465
3113	3590
1849	4962
474	1298
1726	4313
129	935
2023	3406
3201	5177
147	4752
194	329
1941	3355
937	1979
5047	5066
37	2754
418	2538
635	2215
1882	2936
2751	4606
697	3201
2618	2995
3501	5056
3009	3582
2656	4913
963	5097
4110	4662
2107	2893
1122	2791
289	707
949	2901
1539	3880
237	4233
113	1023
2956	4530
3435	4890
474	4771
609	1380
691	2977
490	702
545	4910
10	4233
1070	2877
3584	3997
2409	4163
1517	1904
359	600
598	4601
3926	4897
2902	3123
984	4138
1378	3593
2690	3055
1309	2868
778	992
4530	4946
941	3329
644	899
1502	2493
190	4998
1122	1193
2399	5006
2683	3965
1571	4735
1693	2957
123	846
961	2045
1700	4894
2026	4197
724	1351
521	2862
326	3471
2796	4510
4679	4726
1083	2433
3846	4406
200	303
3069	3484
2128	2322
569	3791
1331	3764
4058	4553
76	2769
204	4337
2418	5113
4360	4672
2689	5012
3422	4536
120	1209
2563	5179
380	1960
3201	4282
1924	3146
431	724
2901	3738
1995	3714
706	3075
200	4936
2084	2627
1314	2322
2852	3848
1893	2493
1833	3946
821	4271
741	3465
1702	3824
271	1934
435	2073
132	2021
145	3549
1457	2036
896	2916
3834	4158
1239	2200
961	2528
861	3913
2695	3985
2799	2917
1865	2833
87	1673
1331	2956
240	1244
984	3989
35	339
2143	3125
2321	2358
781	3677
794	2623
628	2562
2955	2956
3960	4158
1270	3778
2803	3075
474	494
721	2575
4805	4864
521	1782
3237	4409
127	4810
1922	3017
2443	5110
445	2553
58	4583
762	2800
4443	4597
2542	4887
241	5221
1403	3949
316	934
1701	2208
1819	2603
1179	2679
1579	2813
379	440
3668	3995
490	3795
1340	1935
809	4982
662	2799
1934	4681
3962	4520
2786	3721
491	2997
4804	5177
558	4282
2616	5205
569	2575
4247	4263
1270	2465
153	2808
3858	4553
2956	4015
2813	3978
1662	2045
2560	3577
229	4150
616	2936
56	732
9	4324
4407	4958
1512	3872
2303	4980
1308	4674
1345	3867
716	1601
3096	3951
2367	3492
537	5128
1502	4356
1380	2908
2766	4532
2059	2955
932	4601
84	676
4153	4681
10	2867
2158	2906
1227	4184
279	2336
59	4233
966	2787
3105	4900
3588	3941
2031	2796
4629	5109
62	4471
2726	3216
4981	5148
2715	3297
120	3962
9	3494
1133	4236
2213	5148
1276	4921
1442	3441
614	4562
1400	4233
1850	2217
1840	3653
1991	5112
3115	5006
367	3335
111	2407
2465	4981
4312	4430
2813	4769
1167	2405
2575	2868
427	4580
1580	4447
4447	4741
3788	5192
3437	4435
237	2673
2567	3690
220	1280
1029	1308
3325	3955
115	3946
10	3494
1067	4070
3480	4936
204	3966
2888	4763
1410	2799
8	4086
1609	4464
543	4913
1618	3065
4587	4816
1503	5071
1598	3586
4249	4572
1055	2624
4621	5155
682	1605
1638	3159
1142	1221
2956	4946
1950	4753
2903	3166
1185	3997
1629	1836
1352	5056
2023	3513
2489	3746
445	3501
2736	5056
1029	3021
175	294
2336	4380
188	1058
3778	5148
2210	2418
2956	3960
857	1066
1298	3900
673	1807
240	4468
1409	3675
2754	3452
721	746
3686	4460
932	4058
3485	3587
2	4548
2776	4585
4170	4681
3659	4731
1563	1934
1309	4088
3857	4465
1504	3273
2358	3493
2780	3837
1138	2836
4209	4677
1261	2955
81	1241
1526	3527
1479	5227
3106	3679
1943	4314
676	1352
3764	3834
4015	4530
774	1189
2539	4158
1485	3347
581	2671
1670	4138
1922	1964
1687	4576
125	3913
308	2206
2299	4185
62	2890
2606	2901
656	984
3471	3855
687	2835
1754	2795
1292	1573
2967	3813
118	4870
191	2036
791	4104
828	2634
9	846
1471	2631
4206	4391
1298	4158
778	3233
10	2489
4738	4791
1083	1242
1689	2600
1764	2415
2462	3553
827	3549
4435	4609
9	2242
3474	3679
545	4608
937	2582
130	974
1578	3580
494	1951
385	1847
4616	4825
56	4842
635	1226
445	2022
3387	4774
433	4942
971	1397
3121	4615
609	2908
214	3735
943	2054
1893	2905
1313	1800
1866	3581
84	4553
3629	4233
801	3131
4241	5006
2028	3413
3544	4855
1983	3686
3288	3473
4167	4553
2726	4622
445	1352
4188	4324
1610	2300
3778	4233
269	3170
2726	3158
769	2774
659	2682
683	1228
1387	4517
379	4962
937	938
644	4864
1609	2730
379	3962
2495	4987
1922	5026
2905	2955
2462	2870
2254	3099
240	1138
1155	2167
1882	2868
2093	4430
2210	4064
4537	4965
1902	3588
2489	2553
200	1013
401	4038
180	1848
1156	1508
2126	2958
1125	4124
2603	3293
376	547
2904	4272
231	4609
932	2565
4438	4440
2277	5148
3124	4681
3075	4936
142	5237
2430	2605
2256	4695
951	1096
518	1327
532	3280
1105	2563
2917	3490
484	4493
3375	4306
543	4935
61	1711
499	4674
401	3130
1959	3309
3418	5124
4145	4197
581	1588
557	1856
254	2668
2610	3293
579	1157
1178	1963
3139	3176
2676	4821
3735	4542
55	1921
2574	3532
1497	4479
1498	2640
1969	3166
394	1555
1854	4756
2960	3038
2295	4077
171	2855
850	2696
92	4362
3690	4375
3338	3393
1059	2495
223	2361
1021	5066
2186	3613
2565	5056
3349	4947
1953	4387
1036	2774
916	2821
1167	1552
2920	4504
1351	4404
1375	1833
2764	3530
843	1974
1668	2462
474	2539
1043	4553
574	3356
966	4409
1760	4390
789	4450
522	4536
2672	4486
558	4981
1447	2028
102	2564
1280	1456
4055	4460
147	3984
1270	2553
3004	3609
947	2494
1277	2560
1016	4448
1686	1916
932	2489
1893	4158
1369	4527
968	1947
4574	5070
2165	4053
3309	3346
240	5129
746	3971
975	4206
2822	4601
1012	3197
494	4015
3964	4969
564	2833
2218	4990
542	2019
3893	4209
55	3309
1369	1964
1483	2024
932	2242
3076	3134
4413	4479
255	4774
54	2702
892	925
10	2565
432	3293
3900	4015
1435	2980
4706	4841
2618	2619
2796	4488
363	4583
1038	2746
981	3582
3063	4674
3471	3961
360	5166
2242	5148
1856	4683
633	3307
2140	4579
4085	4460
2553	4408
3150	3370
899	2287
1782	4771
1760	2487
3341	4292
499	3061
1448	4003
2602	2973
70	3805
263	2999
3151	4769
1009	3155
1813	2277
543	3527
599	2848
2719	4603
3542	4275
2559	3929
777	2452
1367	1981
1525	2982
3347	3825
1189	2573
439	1267
2501	4887
2027	2330
3577	4608
682	2225
2671	5053
1571	3623
1089	4119
2514	4104
1940	2417
2462	3586
3867	4479
1244	4672
715	907
1298	4157
1309	3791
55	3964
3477	3675
3018	5026
1959	3946
3629	3801
640	3962
3201	4804
658	4330
465	1968
2483	3886
1130	1160
2750	3676
3329	4551
1420	5051
83	3859
977	1331
1968	3493
548	686
2465	4058
1351	3679
288	3313
1727	3215
1298	2846
1470	5083
2435	4666
977	1475
1297	4039
216	3665
1003	2502
1991	3117
93	2828
992	3831
3914	4651
531	3287
157	2245
200	896
3071	3895
994	3718
2415	2750
3103	3657
2146	4557
2630	4220
3170	4274
431	1351
3859	5029
1473	3720
1042	1324
3575	4596
2726	4606
2489	4167
1351	1882
1840	3576
592	2243
1943	5150
474	3686
1144	2687
2565	4282
1745	2887
1352	4580
1782	3523
2489	2867
2556	4570
2387	3648
1779	2982
254	4608
894	1497
676	4282
254	4935
287	450
1400	4408
4492	4769
3129	4308
2115	4645
3165	4182
5	279
2955	3913
2140	3181
1060	4530
4857	4939
1983	2862
3518	4882
214	1673
4057	4062
4188	4700
2671	3992
554	1052
1435	3466
1277	1526
792	1171
1563	4753
4644	5110
1518	2842
1605	3778
218	4670
1554	4118
3240	3860
158	3166
3771	4700
2465	4153
3001	3181
1428	4517
3206	3232
3016	4214
474	3007
843	4324
491	4885
1770	2579
1400	5148
31	3029
4474	4557
2955	4776
2871	4676
2556	3623
2754	3414
2183	2297
1482	1666
2021	3880
1201	5237
926	2733
2486	3677
3838	3889
815	1957
1448	2857
3497	4159
3917	4828
155	3426
1404	3816
4954	5063
656	3196
4282	4639
3006	4425
724	3115
2026	2621
1608	3356
55	115
991	3572
418	2186
1369	4681
147	3494
398	4273
1001	2211
600	4517
3504	5186
1589	3737
585	4954
521	1475
746	2479
1978	2244
1537	2714
998	1526
285	1500
1813	4408
780	1194
2107	5150
548	975
133	4206
1059	1229
1689	3349
1789	2633
4345	5085
111	4599
1387	3017
4779	4826
548	777
1089	2583
1060	3007
1251	4111
285	2582
3052	3368
2867	4601
1369	4812
2508	3175
2027	4265
1189	1514
663	3582
894	4542
1060	3960
2901	5148
1983	4158
165	2577
676	3778
860	2254
277	529
1893	3523
193	778
558	3746
445	3778
1634	5191
2603	3084
743	2890
3636	4771
2822	5148
2676	4692
3690	4940
3311	4810
247	4946
901	5030
2906	4953
1247	4838
749	3084
58	2824
1475	1893
2956	4771
419	1970
285	1169
3306	3746
861	2336
933	3596
960	3628
1571	3907
1161	4808
3852	4321
2336	4844
1666	2618
2709	5066
1474	3680
3516	3566
200	3675
4362	4492
987	2991
526	1151
1936	2133
3690	5047
585	3127
2913	4804
2932	3957
3462	4963
6	3823
1277	1714
1846	4579
934	1974
1856	4661
1579	2671
1685	4907
2270	4443
941	3026
854	4013
2824	4583
1260	3105
1283	3963
543	1042
1101	4927
2641	4868
2487	3992
1782	3255
1470	1949
3505	5045
35	1312
2905	4158
4321	4738
893	2880
2465	3892
2743	4954
2140	4298
2198	3806
3418	5199
2307	3468
2416	2595
187	2887
2560	3490
2888	4779
843	2606
2671	4373
519	3960
3236	4351
1308	2803
91	1550
200	499
2459	2460
3067	4641
3264	5053
1782	3097
2495	2614
1869	4361
469	3382
913	3629
2465	3018
3778	4408
4233	4681
3306	3771
886	4797
1359	4874
2115	2971
2851	5183
2654	3092
1585	3193
3755	4885
1871	3556
1898	2469
281	1468
602	4553
328	3535
1234	4668
4061	5021
2150	4629
431	2575
3495	3499
441	1731
1473	1672
558	4188
4401	4558
1000	1937
4919	4931
614	1167
2267	2556
715	2856
542	4159
237	3268
583	2261
2846	3764
1668	4000
2312	2726
3115	4241
3349	4678
328	1009
1067	3336
3850	4493
746	2399
1500	4046
1664	2603
2755	3982
934	2277
1448	3054
2580	4553
696	3497
2903	4488
2553	2867
2059	2493
775	3907
1586	2895
394	4157
971	2488
211	2848
1352	4324
2278	3398
1563	1990
739	2654
1308	3021
706	3963
1951	3523
3270	4696
4036	4988
3129	3234
3792	4583
399	1327
2867	4509
3205	4730
2414	3310
554	3151
2249	2543
1010	1011
1813	4058
2118	4833
4518	4942
1854	4884
129	2665
1001	2617
4000	4338
2069	2626
562	2755
3564	3699
3426	4127
984	2272
119	4146
10	4601
1400	4981
1391	4809
662	4910
719	4662
1438	1959
838	2543
563	1483
4233	4509
3492	4517
1593	3476
1934	2181
4153	4167
279	2603
194	1167
3893	4839
2037	3298
1761	2246
609	1220
4585	4825
2331	3344
495	4233
1983	4015
1089	2053
3114	5197
362	2400
28	432
732	1700
1719	2657
633	3846
1319	3829
3392	4493
2143	2222
3512	4583
1021	4131
453	1353
574	1437
494	3097
3534	4282
788	805
316	3494
4282	4553
4479	4735
1015	2603
2249	3363
1019	2542
3808	3898
4540	4692
785	1415
1260	3698
711	2481
4049	4127
720	4479
1280	4113
415	1518
655	3008
2225	2673
996	5204
2418	4819
1329	4270
3202	3426
1165	4632
3960	4015
1527	4324
904	4896
1739	4421
545	2656
3617	4921
1947	3957
1366	2060
56	1700
1435	2501
4614	4694
5124	5199
2660	3926
1915	5207
89	4685
1936	3341
445	2822
2027	4350
516	2176
2211	4580
505	974
600	682
1286	2405
1986	3494
590	2137
1009	1553
3998	5210
115	1874
852	1788
1952	2541
934	3501
285	2602
1113	1497
285	1202
2173	2314
2803	3963
367	3138
1263	3932
3441	3751
508	4455
158	4409
1230	2714
710	1518
1091	4074
114	1396
2179	2299
267	1234
1779	2902
3778	4282
333	2137
2057	2872
2031	4409
83	609
2702	3648
111	2065
1689	3006
600	2867
3636	3900
1244	2487
662	5207
1239	3453
71	4837
896	3432
1953	2104
429	2620
722	2040
1701	1780
519	3834
1472	2577
828	3448
3998	5201
2868	3791
3431	4354
1369	4695
5130	5156
3553	5206
2969	3542
4418	4956
2489	4408
164	995
471	3700
1369	2211
1907	4542
3267	3342
3258	4282
2354	2860
1036	1552
2028	4311
196	4203
4727	4816
1328	1404
2330	4350
2956	3007
1001	3450
2737	4970
1489	4092
4192	4542
3155	5098
3998	5100
2612	4422
519	521
4569	4848
2501	2673
2945	3049
254	3531
2679	4511
1334	4490
710	4813
1880	2371
50	4644
1890	2822
1951	3097
240	786
2956	3636
852	2724
2668	3577
589	2179
105	409
668	1563
2379	3261
399	1704
2321	3499
1637	4569
4910	5207
2122	4298
978	1880
2111	4077
720	1335
1767	4110
2434	4377
352	1964
1061	4267
529	2234
3490	5207
1746	3781
569	724
1347	2880
443	1976
1156	1934
732	3330
2673	3746
1304	2895
190	5076
1915	4910
896	4674
832	5155
523	1101
1179	3711
3096	4690
1260	3005
431	569
746	3115
208	4466
589	3805
4622	5105
2223	4695
2955	4269
2242	4167
1660	4695
3893	4068
2997	4762
226	3188
1476	3605
3976	4089
4753	5175
2433	2669
1457	4613
2274	3940
894	1571
4241	4404
2751	4318
2479	2575
3648	4027
431	2479
2932	3123
494	895
349	4280
3768	4759
2472	4769
4185	4722
1656	2965
90	4445
1019	3265
4052	4484
2004	4346
1679	4283
2868	2936
3140	3655
935	1598
2577	3894
2265	4679
3021	3075
3433	4102
762	1832
2917	4608
2902	2932
1831	2461
1060	4158
1482	2445
770	3921
2867	4752
2465	3778
1475	2846
830	3517
2399	2868
2207	4324
1079	1280
984	4494
1714	3490
2339	4096
1997	4880
2553	4601
3563	4975
2871	4946
2291	3590
4158	4771
3527	3530
2603	4987
673	3830
3494	4342
1394	4208
2127	4624
600	4614
1934	3694
751	2560
1713	5130
1377	4562
1737	3602
2887	3826
3248	4799
149	3256
1800	4412
455	1831
1619	4553
321	2955
725	3752
4468	4919
987	5235
191	1457
1605	2822
3021	4674
1574	3206
1464	4241
1475	1983
2901	3238
2068	5084
22	1475
2905	3686
3044	4058
120	5241
2764	4490
316	4553
1352	4153
3511	5121
164	1937
1059	2486
933	3792
2862	3834
1539	3193
3338	4387
2599	4553
2917	3530
2029	4817
1298	2539
4644	5214
65	951
673	687
871	3459
1813	5056
3643	5235
127	437
998	1042
1457	5107
3813	5216
1324	3531
2435	5064
2539	2905
2774	3978
2025	2473
104	923
3527	4910
120	4207
489	2856
248	4466
1523	4321
4626	5060
1450	3379
4361	4988
4143	4736
2985	4894
1741	3493
2671	5032
5056	5148
120	696
379	4768
3220	4492
83	1369
55	1643
803	937
3655	4826
204	3758
1313	4494
2722	4892
363	785
2951	3481
2251	2254
1616	4546
545	751
3349	4205
2678	3434
1025	4327
2474	3156
599	3519
2354	4335
2949	3434
961	3030
2242	3501
2651	3047
1009	4940
2493	3097
2656	3577
1117	4860
1519	1783
1334	3531
558	2465
1178	1237
86	192
3078	4445
934	3778
2764	4729
4768	5241
1021	5047
1813	4553
2580	5155
1983	3900
4202	4889
1651	3356
249	341
379	919
1526	3531
1283	3063
830	3638
203	3632
457	2101
3477	4937
2565	4167
3966	4571
2901	4601
888	907
1234	3181
968	3994
3603	3962
582	2243
3255	3686
548	5066
1492	1859
720	1740
1366	3170
237	2225
2558	3918
147	2242
1298	3097
269	1398
84	2332
1299	2346
3018	5049
86	5139
140	4288
4135	4815
1983	4157
894	4413
1648	4675
483	936
1813	4981
2155	2545
5005	5074
2726	4987
3676	4958
1376	3579
2287	3610
760	2821
1410	3530
1170	2304
966	3166
930	5181
1806	3150
493	2639
628	2729
397	4280
558	949
657	2292
3629	3935
2804	3916
1974	4408
984	3994
291	1672
133	155
936	4955
2173	4595
3907	4413
1629	1947
3693	4493
3760	4323
2764	4935
4738	5105
4610	4629
4059	4732
1313	3989
1332	4664
467	2045
449	835
494	1983
532	4999
2222	4736
2847	4346
1565	4540
1043	4712
635	2730
925	1268
507	2239
2906	3046
959	1284
84	2465
2246	2730
114	346
1641	4962
1831	3349
3368	4727
623	3748
1089	4212
1345	4479
785	3512
2028	2418
1816	2859
1619	3017
1511	2045
3623	4192
1738	4921
1952	5117
2027	2318
87	3735
2656	3531
1856	5181
598	4058
2178	2499
1415	4542
785	933
2251	2543
2249	5147
825	3878
3450	3690
2489	4023
528	4638
1406	3653
499	896
1204	2077
559	581
945	5007
2789	4874
659	3184
775	4570
2755	4160
2248	5144
916	3629
1351	2575
1076	2551
1744	3170
2486	5174
1983	4946
1290	4762
539	3244
3960	4157
1283	3075
3896	4589
3259	4829
633	1347
1565	1934
2539	4530
3543	4858
285	1872
231	1290
27	3071
3621	3956
1063	4318
1060	3255
4163	4827
1375	4969
416	629
998	2656
2591	5205
304	3568
2340	3633
1167	5067
1672	4261
332	461
941	4963
977	4158
2718	3349
2563	3555
2447	3423
2936	4241
1893	3097
2690	4178
446	4289
1836	5051
784	2774
580	770
3105	3698
896	3963
1344	4039
1653	3217
2256	4965
3494	4408
1036	1976
3021	4937
2179	4385
4681	4998
10	4324
2458	2918
1962	4508
1283	3432
2565	3044
2017	3422
1337	3319
3300	3463
281	5049
367	4038
2910	4293
1563	3836
59	4712
732	1348
1996	2441
1196	3396
49	134
3794	4936
2001	4216
2618	4323
2565	4058
1231	2750
3892	4681
813	3084
1845	2480
862	2252
1645	2641
174	1946
2206	2693
2998	4939
2426	2503
1253	4020
664	899
2602	2603
2354	5023
15	3149
1277	1334
693	5214
1360	4940
418	3736
3501	4058
2443	4650
2800	3658
1953	2333
2277	3892
1283	3021
512	2002
1950	3493
2556	4542
345	2498
52	4493
3746	5027
1066	1949
2025	3235
2990	4256
162	739
333	4208
294	2676
4153	4408
1497	1907
1164	1803
9	1400
2593	2633
2182	4195
1061	2199
1432	2553
1489	4677
3223	4134
843	3258
2641	5178
1782	2059
2214	2833
2176	3200
2491	4712
2901	4324
1313	3196
1009	3849
3037	5002
1410	3683
383	1601
200	954
316	5056
751	3490
3686	4158
998	3490
3308	4804
2706	3316
1262	4759
417	902
1137	1690
1974	4233
3185	4209
2139	4652
1833	1834
667	4715
3575	4494
4058	4324
219	619
977	4771
2484	3606
3357	4129
1085	2134
304	4624
1453	4795
2031	4488
178	3347
845	1813
2243	3146
1031	4061
279	937
3676	4028
941	3884
751	755
1184	2864
2053	5240
46	4542
4759	4947
873	4079
1974	4324
129	3076
401	4246
3523	4015
384	3802
3286	3588
1060	3523
2893	5150
4455	5049
133	3771
627	1331
198	3804
4022	4488
2723	4045
894	1113
1869	3533
3061	3477
474	3834
774	2504
4490	5207
316	3892
1722	5236
548	2709
1818	3466
2606	4324
521	3523
2978	3786
2017	4945
3320	4219
1156	4754
2905	4771
1324	4490
3725	5050
3834	3960
2764	3897
1096	4245
1007	2381
4315	4816
3005	4468
3594	4904
2699	5206
745	4076
1714	2560
4023	4058
785	4542
1527	1922
543	545
687	4898
1308	3675
242	4991
441	4439
3823	4948
1030	1420
3462	4420
3670	4728
4176	4412
2093	2252
3012	3219
1228	3391
431	2399
2611	2740
814	3390
4267	4567
455	4872
238	1287
900	3239
494	1555
137	3605
2465	5056
3105	3657
1638	4970
2555	4354
1436	3868
2286	3256
1941	2329
3961	4477
3044	3501
2392	2805
1800	2096
706	896
3220	4362
1922	4694
2310	2477
1433	2322
2799	3577
1113	4184
2863	4131
1060	2905
1475	4771
3625	3913
1994	2131
1643	1834
1206	2255
2165	2746
1869	3186
801	1174
3030	3787
1352	2565
2219	5098
3629	5173
1140	1225
1126	1768
894	4479
1745	3826
439	1746
747	4591
229	3168
762	3968
281	4798
2186	4839
1312	2524
3422	4044
895	2955
1724	3746
2639	3992
3796	5029
1573	4100
934	4167
3867	3907
932	1400
2867	5056
2413	5174
1355	4767
2714	4820
3746	3957
3521	4941
31	2961
932	1974
2588	4224
53	1520
2721	3402
2295	3319
4044	5042
2304	3450
1575	3151
133	3413
2309	4749
2528	2714
1845	4129
2554	5007
1974	2721
2928	2936
777	2465
4553	4594
2836	3605
4127	4987
3957	4533
2250	3510
1192	1476
445	1605
4023	4601
2108	4517
909	4437
1472	1489
778	2171
54	3544
2764	3490
2350	2967
938	3351
2319	2752
2578	4580
1643	1874
3204	4637
548	2195
240	4130
401	3138
845	1400
3273	4022
133	4884
1270	4408
492	3881
182	1492
4692	4821
326	4988
843	2721
4548	4989
10	3501
1681	1742
1593	3498
4553	5155
2547	3510
1126	1578
945	1563
455	3349
1575	2954
4429	5014
2803	4674
1479	1613
2321	5189
2304	3690
3182	3183
755	757
3338	3912
662	4913
2241	3676
1934	2676
1768	3435
10	5056
668	4886
1475	3900
1879	2037
569	4404
732	2912
1568	2415
87	214
4157	4530
3695	4811
1660	5061
242	4313
316	2277
3892	4167
3051	4738
939	4920
558	2822
421	4014
3571	4474
1393	2021
1072	3787
2634	2859
2059	2956
4233	4324
1475	3255
2820	3238
3322	3903
1361	4579
1316	5162
757	1714
734	1420
2227	2465
46	3792
3048	4095
1750	3553
322	998
751	1526
1217	3848
358	1397
1948	4414
1389	5087
454	1569
4276	4482
83	454
3875	3996
1479	3848
1005	2353
120	3337
58	3512
416	2121
94	1574
706	2803
1601	1618
130	5027
1021	3151
2405	5067
2867	3044
160	507
2824	3608
3675	4960
3291	4781
199	1059
558	3629
127	2511
2618	5142
878	2018
2641	2906
111	4693
2225	4029
120	2457
487	732
789	3022
3957	4884
2362	3349
1934	4246
123	445
1420	4009
1230	3177
4726	4780
785	2774
2811	4223
2242	4601
673	1617
4558	4862
461	4929
1907	4570
1363	3411
2206	2265
902	1441
894	4192
1958	3832
190	4696
843	3238
1498	3039
2745	4416
2560	3683
4681	5056
2726	2751
1922	3018
2217	2879
3892	4233
2495	2726
2198	3447
558	676
3006	3236
677	4634
3255	4157
359	4233
10	4282
22	2905
1695	4533
1472	2563
316	1605
394	1298
1905	2430
3789	4075
2821	2853
147	2465
1974	3069
1113	3867
2332	4163
147	4553
83	2357
1634	2300
573	2718
1831	3006
5154	5158
1934	5193
4416	4450
2021	3950
9	932
1526	2917
853	2994
1673	3512
600	3699
845	1352
736	4834
2774	3122
2443	4727
2225	3268
1252	3211